ECG,HR,MAP,SPO2
-0.0485985986888408,99.0,43.0,91.0
0.2377640008926391,99.0,43.0,91.0
-0.2460899949073791,99.0,43.0,91.0
0.0402726009488105,98.5,43.0,91.0
-0.384333997964859,98.0,43.0,91.0
-0.2164659947156906,97.5,43.0,93.5
-0.088096797466278,97.0,43.0,96.0
-0.1473439931869506,96.5,43.0,97.5
0.4648790061473846,96.0,43.0,99.0
-0.1769679933786392,96.0,43.0,99.0
0.6031230092048645,96.0,43.0,99.0
-0.512703001499176,96.0,43.0,99.5
-0.4139580130577087,96.0,43.0,100.0
-0.512703001499176,95.5,43.0,100.0
0.6524959802627563,95.0,43.0,100.0
-0.0485985986888408,94.5,43.0,100.0
0.00077429699013,94.0,43.0,100.0
-0.1967169940471649,94.5,43.0,100.0
-0.1275950074195861,95.0,43.0,100.0
-0.1769679933786392,95.5,43.0,99.5
0.2081400007009506,96.0,43.0,99.0
-0.2757140100002289,97.5,43.0,99.0
-0.1078459993004798,99.0,43.0,99.0
0.6327469944953918,100.0,43.0,99.5
-0.0979714021086692,101.0,43.0,100.0
-0.5818250179290771,102.0,43.0,100.0
-0.8780620098114014,103.0,43.0,100.0
-0.8879370093345642,103.5,43.0,100.0
-0.8089399933815002,104.0,43.0,100.0
-0.4830799996852875,104.5,43.0,100.0
-0.186842992901802,105.0,43.0,100.0
0.2772620022296905,104.5,43.0,100.0
-0.0782222971320152,104.0,43.0,100.0
-0.1967169940471649,103.0,43.0,100.0
-0.6114490032196045,102.0,43.0,100.0
-0.0288494005799293,101.5,43.0,100.0
-0.384333997964859,101.0,43.0,100.0
-0.0189747996628284,101.0,43.0,100.0
-0.0584730990231037,101.0,43.0,100.0
-0.0584730990231037,101.0,43.0,100.0
-0.1177209988236427,101.0,43.0,100.0
-0.3448359966278076,101.0,43.0,100.0
-0.088096797466278,101.0,43.0,100.0
-0.0387240014970302,102.0,43.0,100.0
-0.0683476999402046,103.0,43.0,100.0
0.1291439980268478,104.5,43.0,100.0
-0.1473439931869506,106.0,43.0,100.0
0.060021698474884,105.0,43.0,100.0
-0.1275950074195861,104.0,43.0,100.0
0.0896454006433487,102.5,43.0,100.0
0.119268998503685,101.0,43.0,100.0
-0.2263409942388534,100.5,43.0,100.0
0.0402726009488105,100.0,43.0,100.0
-0.2362149953842163,100.0,43.0,100.0
-0.631197988986969,100.0,43.0,100.0
0.2081400007009506,101.0,43.0,100.0
-0.2164659947156906,102.0,43.0,100.0
-0.1078459993004798,102.0,43.0,100.0
0.1093949973583221,102.0,43.0,100.0
0.1291439980268478,102.5,43.0,100.0
0.3957569897174835,103.0,43.0,100.0
0.0303980000317096,104.0,43.0,100.0
-0.0683476999402046,105.0,43.0,100.0
-0.0782222971320152,105.0,43.0,100.0
-0.137470006942749,105.0,43.0,100.0
-0.0288494005799293,103.5,43.0,100.0
0.0896454006433487,102.0,43.0,100.0
0.0501471012830734,101.0,43.0,100.0
-0.1572189927101135,100.0,43.0,100.0
-0.1275950074195861,99.5,43.0,100.0
0.00077429699013,99.0,43.0,100.0
0.3068859875202179,98.5,43.0,100.0
-0.0288494005799293,98.0,43.0,100.0
0.119268998503685,98.0,43.0,100.0
-0.2954629957675934,98.0,43.0,100.0
-0.0288494005799293,99.0,43.0,100.0
-0.0288494005799293,100.0,43.0,100.0
-0.0387240014970302,99.5,43.0,100.0
-0.1572189927101135,99.0,43.0,100.0
-0.0387240014970302,97.5,43.0,100.0
-0.0485985986888408,96.0,43.0,100.0
-0.137470006942749,94.0,43.0,100.0
-0.088096797466278,92.0,43.0,100.0
-0.0584730990231037,91.5,43.0,100.0
-0.186842992901802,91.0,43.0,100.0
-0.0485985986888408,92.5,43.0,100.0
-0.0683476999402046,94.0,43.0,100.0
-0.0782222971320152,96.5,43.0,100.0
0.00077429699013,99.0,43.0,100.0
-0.2460899949073791,99.0,43.0,100.0
0.0896454006433487,99.0,43.0,100.0
-0.0584730990231037,98.5,43.0,100.0
-0.088096797466278,98.0,43.0,100.0
0.1390179991722107,98.0,43.0,100.0
0.00077429699013,98.0,43.0,100.0
-0.255964994430542,98.5,43.0,100.0
-0.0683476999402046,99.0,43.0,100.0
0.0106488997116684,99.5,43.0,100.0
-0.2362149953842163,100.0,43.0,100.0
0.0106488997116684,99.5,43.0,100.0
-0.0485985986888408,99.0,43.0,100.0
0.0797709003090858,99.5,43.0,100.0
-0.1078459993004798,100.0,43.0,100.0
-0.0485985986888408,99.5,43.0,100.0
1.1561000347137451,99.0,43.0,100.0
-0.0189747996628284,99.0,43.0,100.0
0.0303980000317096,99.0,43.0,100.0
-0.1473439931869506,99.0,43.0,100.0
0.0797709003090858,99.0,43.0,100.0
0.0303980000317096,98.5,43.0,100.0
0.060021698474884,98.0,43.0,100.0
-0.0782222971320152,97.5,43.0,100.0
0.8499869704246521,97.0,43.0,100.0
-0.0387240014970302,96.5,43.0,100.0
-0.1078459993004798,96.0,43.0,100.0
0.0106488997116684,96.0,43.0,100.0
-0.088096797466278,96.0,43.0,100.0
-0.088096797466278,96.0,43.0,100.0
0.0402726009488105,96.0,43.0,100.0
0.4056319892406463,95.0,43.0,100.0
-0.0584730990231037,94.0,43.0,100.0
-0.0387240014970302,93.5,43.0,100.0
-0.0189747996628284,93.0,43.0,100.0
-0.0683476999402046,94.0,43.0,100.0
-0.088096797466278,95.0,43.0,100.0
-0.0584730990231037,95.0,43.0,100.0
1.1166000366210938,95.0,43.0,100.0
-0.0683476999402046,94.0,43.0,100.0
-0.1572189927101135,93.0,43.0,100.0
-0.0683476999402046,92.5,43.0,100.0
-0.137470006942749,92.0,43.0,100.0
0.0205233991146087,92.0,43.0,100.0
-0.0288494005799293,92.0,43.0,100.0
-0.1177209988236427,92.5,43.0,100.0
0.0303980000317096,93.0,43.0,100.0
1.1363500356674194,93.0,43.0,100.0
-0.1177209988236427,93.0,43.0,100.0
-0.1670929938554763,93.0,43.0,100.0
-0.6608219742774963,93.0,43.0,100.0
-0.463331013917923,92.5,43.0,100.0
0.060021698474884,92.0,43.0,100.0
0.3957569897174835,91.5,43.0,100.0
-0.2164659947156906,91.0,43.0,100.0
-0.3250870108604431,92.5,43.0,100.0
-0.631197988986969,94.0,43.0,100.0
-0.0979714021086692,95.0,43.0,100.0
-0.1473439931869506,96.0,43.0,100.0
-0.0091002704575657,96.5,43.0,100.0
-0.137470006942749,97.0,43.0,100.0
0.0402726009488105,95.0,43.0,100.0
-0.0288494005799293,93.0,43.0,100.0
0.00077429699013,91.5,43.0,100.0
0.00077429699013,90.0,43.0,100.0
-0.0979714021086692,90.0,43.0,100.0
-0.1275950074195861,90.0,43.0,100.0
-0.2757140100002289,90.0,43.0,100.0
0.0106488997116684,90.0,43.0,100.0
0.0303980000317096,90.0,43.0,100.0
0.0106488997116684,90.0,43.0,100.0
0.060021698474884,89.5,43.0,100.0
-0.0485985986888408,89.0,43.0,100.0
-0.1572189927101135,90.0,43.0,100.0
-0.1078459993004798,91.0,43.0,100.0
-0.0091002704575657,92.5,43.0,100.0
-0.1177209988236427,94.0,43.0,100.0
0.0106488997116684,95.5,43.0,100.0
-0.0584730990231037,97.0,43.0,100.0
-0.137470006942749,97.0,43.0,100.0
-0.0584730990231037,97.0,43.0,100.0
-0.0683476999402046,97.0,43.0,100.0
-0.1078459993004798,97.0,43.0,100.0
-0.0189747996628284,97.0,43.0,100.0
-0.088096797466278,97.0,43.0,100.0
-0.088096797466278,97.5,43.0,100.0
-0.0288494005799293,98.0,43.0,100.0
-0.1078459993004798,98.5,43.0,100.0
-0.0584730990231037,99.0,43.0,100.0
-0.0288494005799293,99.0,43.0,100.0
-0.0584730990231037,99.0,43.0,100.0
-0.1473439931869506,99.5,43.0,100.0
-0.0288494005799293,100.0,43.0,100.0
-0.0584730990231037,100.0,43.0,100.0
-0.088096797466278,100.0,43.0,100.0
-0.0584730990231037,98.0,43.0,100.0
0.0995199978351593,96.0,43.0,100.0
-0.0288494005799293,92.0,43.0,100.0
-0.0979714021086692,88.0,43.0,100.0
-0.0387240014970302,86.0,43.0,100.0
1.2054699659347534,84.0,43.0,100.0
0.00077429699013,85.0,43.0,100.0
-0.1177209988236427,86.0,43.0,100.0
-0.0387240014970302,88.5,43.0,100.0
-0.0584730990231037,91.0,43.0,100.0
-0.0189747996628284,92.5,43.0,100.0
-0.0485985986888408,94.0,43.0,100.0
-0.2362149953842163,94.0,43.0,100.0
0.060021698474884,94.0,43.0,100.0
-0.0782222971320152,94.0,43.0,100.0
-0.2362149953842163,94.0,43.0,100.0
0.00077429699013,96.0,43.0,100.0
-0.0288494005799293,98.0,43.0,100.0
-0.2065919935703277,99.5,43.0,100.0
-0.2460899949073791,101.0,43.0,100.0
-0.0189747996628284,101.0,43.0,100.0
-0.088096797466278,101.0,43.0,100.0
-0.1572189927101135,101.0,43.0,100.0
0.060021698474884,101.0,43.0,100.0
-0.1769679933786392,100.5,43.0,100.0
-0.137470006942749,100.0,43.0,100.0
0.0698963031172752,99.5,43.0,100.0
-0.0485985986888408,99.0,43.0,100.0
-0.1473439931869506,99.5,43.0,100.0
0.00077429699013,100.0,43.0,100.0
-0.1275950074195861,100.0,43.0,100.0
0.0106488997116684,100.0,43.0,100.0
-0.0979714021086692,99.5,43.0,100.0
-0.1967169940471649,99.0,43.0,100.0
0.0205233991146087,98.5,43.0,100.0
0.00077429699013,98.0,43.0,100.0
-0.1769679933786392,99.0,43.0,100.0
0.0303980000317096,100.0,43.0,100.0
-0.0782222971320152,100.0,43.0,100.0
-0.1769679933786392,100.0,43.0,100.0
0.1488929986953735,99.0,43.0,100.0
0.0501471012830734,98.0,43.0,100.0
-0.0387240014970302,99.5,43.0,100.0
-0.1572189927101135,101.0,43.0,100.0
0.00077429699013,102.5,43.0,100.0
-0.0782222971320152,104.0,43.0,100.0
0.4846279919147491,103.0,43.0,100.0
-0.0485985986888408,102.0,43.0,100.0
-0.0979714021086692,100.0,43.0,100.0
-0.186842992901802,98.0,43.0,100.0
-0.0387240014970302,98.5,43.0,100.0
-0.1078459993004798,99.0,43.0,100.0
-0.088096797466278,99.5,43.0,100.0
-0.0485985986888408,100.0,43.0,100.0
-0.088096797466278,99.0,43.0,100.0
0.0501471012830734,98.0,43.0,100.0
-0.0979714021086692,97.0,43.0,100.0
-0.1078459993004798,96.0,43.0,100.0
0.7907400131225586,97.0,43.0,100.0
0.0106488997116684,98.0,43.0,100.0
-0.088096797466278,99.5,43.0,100.0
-0.0485985986888408,101.0,43.0,100.0
-0.1572189927101135,102.0,43.0,100.0
0.0106488997116684,103.0,43.0,100.0
-0.1275950074195861,103.0,43.0,100.0
-0.1275950074195861,103.0,43.0,100.0
-0.1275950074195861,104.0,43.0,100.0
0.060021698474884,105.0,43.0,100.0
0.0106488997116684,105.0,43.0,100.0
-0.088096797466278,105.0,43.0,100.0
-0.1670929938554763,106.0,43.0,100.0
0.00077429699013,107.0,43.0,100.0
-0.0189747996628284,107.0,43.0,100.0
-0.1177209988236427,107.0,43.0,100.0
-0.0584730990231037,106.0,43.0,100.0
0.4155060052871704,105.0,43.0,100.0
0.0106488997116684,105.5,43.0,100.0
-0.0584730990231037,106.0,43.0,100.0
-0.1769679933786392,106.5,43.0,100.0
-0.0091002704575657,107.0,43.0,100.0
-0.1275950074195861,105.5,43.0,100.0
-0.1177209988236427,104.0,43.0,100.0
-0.0288494005799293,101.5,43.0,100.0
-0.0782222971320152,99.0,43.0,100.0
-0.0288494005799293,98.0,43.0,100.0
0.0106488997116684,97.0,43.0,100.0
-0.0979714021086692,97.0,43.0,100.0
-0.1177209988236427,97.0,43.0,100.0
-0.0683476999402046,98.0,43.0,100.0
-0.0189747996628284,99.0,43.0,100.0
1.165969967842102,100.0,43.0,100.0
-0.0091002704575657,101.0,43.0,100.0
-0.0584730990231037,101.5,43.0,100.0
-0.0782222971320152,102.0,43.0,100.0
1.0771000385284424,102.5,43.0,100.0
-0.0584730990231037,103.0,43.0,100.0
-0.0485985986888408,103.5,43.0,100.0
-0.0584730990231037,104.0,43.0,100.0
-0.1275950074195861,105.5,43.0,100.0
-0.0584730990231037,107.0,43.0,100.0
0.1291439980268478,107.0,43.0,100.0
-0.0189747996628284,107.0,43.0,100.0
-0.1275950074195861,107.0,43.0,100.0
-0.0782222971320152,107.0,43.0,100.0
1.1561000347137451,107.0,43.0,100.0
-0.088096797466278,107.0,43.0,100.0
-0.0584730990231037,107.5,43.0,100.0
-0.0683476999402046,108.0,43.0,100.0
-0.137470006942749,108.5,43.0,100.0
-0.1473439931869506,109.0,43.0,100.0
-0.0189747996628284,108.0,43.0,100.0
-0.1078459993004798,107.0,43.0,100.0
-0.186842992901802,106.0,43.0,100.0
-0.1275950074195861,105.0,43.0,100.0
-0.0979714021086692,105.5,43.0,100.0
0.0303980000317096,106.0,43.0,100.0
0.0205233991146087,106.66666666666669,43.0,100.0
-0.0683476999402046,107.33333333333331,43.0,100.0
0.9092350006103516,108.0,43.0,100.0
0.0995199978351593,108.0,43.0,100.0
-0.0091002704575657,108.0,43.0,100.0
-0.0683476999402046,107.0,43.0,100.0
-0.1572189927101135,106.0,43.0,100.0
-0.0979714021086692,105.5,43.0,100.0
0.0303980000317096,105.0,43.0,100.0
-0.0288494005799293,105.5,43.0,100.0
-0.0683476999402046,106.0,43.0,100.0
1.1462199687957764,106.0,43.0,100.0
-0.0288494005799293,106.0,43.0,100.0
-0.0782222971320152,106.5,43.0,100.0
-0.0584730990231037,107.0,43.0,100.0
0.0896454006433487,105.5,43.0,100.0
-0.0189747996628284,104.0,43.0,100.0
-0.0979714021086692,103.0,43.0,100.0
-0.1473439931869506,102.0,43.0,100.0
-0.1177209988236427,102.5,43.0,100.0
0.0106488997116684,103.0,43.0,100.0
-0.0584730990231037,104.5,43.0,100.0
-0.2164659947156906,106.0,43.0,100.0
-0.0091002704575657,106.0,43.0,100.0
0.0205233991146087,106.0,43.0,100.0
-0.088096797466278,105.5,43.0,100.0
-0.0683476999402046,105.0,43.0,100.0
-0.0288494005799293,104.5,43.0,100.0
0.0797709003090858,104.0,43.0,100.0
0.00077429699013,104.5,43.0,100.0
-0.088096797466278,105.0,43.0,100.0
-0.1670929938554763,105.0,43.0,100.0
-0.137470006942749,105.0,43.0,100.0
-0.0091002704575657,105.0,43.0,100.0
-0.137470006942749,105.0,43.0,100.0
-0.2757140100002289,105.5,43.0,100.0
-0.0485985986888408,106.0,43.0,100.0
-0.0584730990231037,105.5,43.0,100.0
-0.088096797466278,105.0,43.0,100.0
-0.1078459993004798,105.0,43.0,100.0
-0.2460899949073791,105.0,43.0,100.0
-0.0782222971320152,105.0,43.0,100.0
0.0797709003090858,105.0,43.0,100.0
0.0402726009488105,105.0,43.0,100.0
-0.2362149953842163,105.0,43.0,100.0
-0.2460899949073791,104.0,43.0,100.0
0.0106488997116684,103.0,43.0,100.0
-0.0189747996628284,102.0,43.0,100.0
-0.1275950074195861,101.0,43.0,100.0
-0.1769679933786392,101.0,43.0,100.0
-0.2954629957675934,101.0,43.0,100.0
-0.0979714021086692,99.5,43.0,100.0
-0.088096797466278,98.0,43.0,100.0
-0.0979714021086692,98.0,43.0,100.0
-0.0091002704575657,98.0,43.0,100.0
-0.1078459993004798,101.0,43.0,100.0
-0.0782222971320152,104.0,43.0,100.0
-0.0782222971320152,102.0,43.0,99.5
-0.1572189927101135,100.0,43.0,99.0
0.0205233991146087,100.0,43.0,99.5
-0.0782222971320152,100.0,43.0,100.0
0.4155060052871704,98.5,43.0,100.0
-0.0288494005799293,97.0,43.0,100.0
-0.0485985986888408,97.0,43.0,100.0
-0.1177209988236427,97.0,43.0,100.0
-0.0288494005799293,97.0,43.0,100.0
-0.0683476999402046,97.0,43.0,100.0
-0.0288494005799293,96.0,43.0,100.0
0.2180150002241134,95.0,43.0,100.0
-0.0288494005799293,95.0,43.0,100.0
0.5932480096817017,95.0,43.0,100.0
-0.0979714021086692,92.5,43.0,100.0
-0.1967169940471649,90.0,43.0,100.0
-0.0584730990231037,90.0,43.0,100.0
0.2772620022296905,90.0,43.0,100.0
-0.0091002704575657,90.0,43.0,100.0
-0.1670929938554763,90.0,43.0,100.0
-0.1473439931869506,89.5,43.0,100.0
0.1291439980268478,89.0,43.0,100.0
-0.0584730990231037,89.5,43.0,100.0
-0.0387240014970302,90.0,43.0,100.0
-0.0189747996628284,90.0,43.0,100.0
-0.265839010477066,90.0,43.0,100.0
-0.0288494005799293,90.0,43.0,100.0
0.9586079716682434,90.0,43.0,100.0
-0.0189747996628284,89.5,43.0,100.0
-0.1473439931869506,89.0,43.0,100.0
-0.1769679933786392,88.5,43.0,100.0
-0.1473439931869506,88.0,43.0,100.0
0.1291439980268478,88.5,43.0,100.0
0.2180150002241134,89.0,43.0,100.0
0.0303980000317096,89.0,43.0,100.0
-0.0782222971320152,89.0,43.0,100.0
-0.1572189927101135,93.0,43.0,100.0
-0.1078459993004798,97.0,43.0,100.0
-0.0485985986888408,98.0,43.0,100.0
-0.1078459993004798,99.0,43.0,100.0
0.6722450256347656,99.5,43.0,100.0
0.0303980000317096,100.0,43.0,100.0
-0.0584730990231037,100.5,43.0,100.0
0.2871370017528534,101.0,43.0,100.0
0.0205233991146087,100.5,43.0,100.0
-0.0387240014970302,100.0,43.0,100.0
-0.137470006942749,100.0,43.0,100.0
-0.1572189927101135,100.0,43.0,100.0
-0.0189747996628284,101.0,43.0,100.0
-0.0782222971320152,102.0,43.0,100.0
-0.1078459993004798,102.0,43.0,100.0
-0.0782222971320152,102.0,43.0,100.0
-0.0288494005799293,101.0,43.0,100.0
-0.1177209988236427,100.0,43.0,100.0
-0.088096797466278,99.5,43.0,100.0
-0.1177209988236427,99.0,43.0,100.0
-0.186842992901802,100.5,43.0,100.0
-0.0091002704575657,102.0,43.0,100.0
-0.0584730990231037,102.0,43.0,100.0
-0.1670929938554763,102.0,43.0,100.0
-0.137470006942749,102.0,43.0,100.0
-0.0584730990231037,102.0,43.0,100.0
-0.1177209988236427,102.0,43.0,100.0
-0.1078459993004798,102.0,43.0,100.0
-0.1177209988236427,103.5,43.0,100.0
0.0106488997116684,105.0,43.0,100.0
-0.0091002704575657,105.5,43.0,100.0
-0.1177209988236427,106.0,43.0,100.0
-0.0683476999402046,106.0,43.0,100.0
0.1390179991722107,106.0,43.0,100.0
-0.0485985986888408,106.0,43.0,100.0
-0.137470006942749,106.0,43.0,100.0
-0.0683476999402046,105.0,43.0,100.0
0.1093949973583221,104.0,43.0,100.0
-0.0189747996628284,104.5,43.0,100.0
-0.1572189927101135,105.0,43.0,100.0
-0.1275950074195861,105.0,43.0,100.0
0.0205233991146087,105.0,43.0,100.0
-0.0387240014970302,105.0,43.0,100.0
-0.1967169940471649,105.0,43.0,100.0
-0.0387240014970302,104.0,43.0,100.0
-0.088096797466278,103.0,43.0,100.0
0.00077429699013,100.5,43.0,100.0
-0.0288494005799293,98.0,43.0,100.0
-0.0387240014970302,97.0,43.0,100.0
0.1488929986953735,96.0,43.0,100.0
-0.0485985986888408,96.5,43.0,100.0
-0.1275950074195861,97.0,43.0,100.0
-0.2362149953842163,99.5,43.0,100.0
-0.1177209988236427,102.0,43.0,100.0
0.00077429699013,102.0,43.0,100.0
-0.1177209988236427,102.0,43.0,100.0
-0.1078459993004798,102.0,43.0,100.0
0.0303980000317096,102.0,43.0,100.0
-0.088096797466278,101.0,43.0,100.0
0.0106488997116684,100.0,43.0,100.0
-0.0485985986888408,99.0,43.0,100.0
-0.137470006942749,98.0,43.0,100.0
-0.0485985986888408,98.5,43.0,100.0
-0.137470006942749,99.0,43.0,100.0
0.9388579726219176,99.0,43.0,100.0
-0.0387240014970302,99.0,43.0,100.0
-0.2954629957675934,98.5,43.0,100.0
-0.1078459993004798,98.0,43.0,100.0
0.1291439980268478,98.0,43.0,99.5
-0.4534560143947601,98.0,43.0,99.0
-0.384333997964859,98.0,43.0,99.0
-0.7003200054168701,98.0,43.0,99.0
-0.3349609971046448,97.5,43.0,99.0
-0.186842992901802,97.0,43.0,99.0
-0.2164659947156906,97.0,43.0,99.0
-0.2065919935703277,97.0,43.0,99.0
-0.1769679933786392,100.0,43.0,99.0
-0.1769679933786392,103.0,43.0,99.0
0.2871370017528534,105.5,43.0,99.5
-0.137470006942749,108.0,43.0,100.0
-0.2362149953842163,110.0,43.0,100.0
-0.1769679933786392,112.0,43.0,100.0
-0.0288494005799293,112.0,43.0,100.0
0.060021698474884,112.0,43.0,100.0
0.1488929986953735,107.5,43.0,100.0
-0.0979714021086692,103.0,43.0,100.0
-1.0360599756240845,102.5,43.0,100.0
-0.3547100126743316,102.0,43.0,100.0
-0.0091002704575657,102.5,43.0,100.0
-0.2954629957675934,103.0,43.0,100.0
-0.384333997964859,104.0,43.0,99.5
-0.4732050001621246,105.0,43.0,99.0
0.0303980000317096,105.0,43.0,99.0
0.1093949973583221,105.0,43.0,99.0
0.0995199978351593,107.0,43.0,99.5
-0.2164659947156906,109.0,43.0,100.0
-0.3645850121974945,103.5,43.0,100.0
0.9191089868545532,98.0,43.0,100.0
0.0402726009488105,96.0,43.0,100.0
0.4155060052871704,94.0,43.0,100.0
-0.1769679933786392,96.0,43.0,100.0
-0.0584730990231037,98.0,43.0,100.0
-0.2065919935703277,98.0,43.0,100.0
0.9487329721450806,98.0,43.0,100.0
0.1291439980268478,101.5,43.0,100.0
-0.255964994430542,105.0,43.0,100.0
-0.3349609971046448,105.5,43.0,100.0
-0.2164659947156906,106.0,43.0,100.0
-0.255964994430542,104.0,43.0,100.0
-0.0584730990231037,102.0,43.0,100.0
-0.265839010477066,99.5,43.0,100.0
-0.186842992901802,97.0,43.0,100.0
0.060021698474884,96.5,43.0,100.0
-0.0782222971320152,96.0,43.0,100.0
-0.0387240014970302,96.0,43.0,100.0
-0.0485985986888408,96.0,43.0,100.0
1.1363500356674194,95.0,43.0,100.0
-0.0485985986888408,94.0,43.0,100.0
-0.0288494005799293,94.0,43.0,100.0
0.00077429699013,94.0,43.0,100.0
-0.0387240014970302,95.0,43.0,100.0
-0.0288494005799293,96.0,43.0,100.0
0.0303980000317096,95.5,43.0,100.0
0.3858830034732818,95.0,43.0,100.0
-0.0485985986888408,94.0,43.0,100.0
-0.1078459993004798,93.0,43.0,100.0
-0.0288494005799293,92.5,43.0,100.0
0.5241270065307617,92.0,43.0,100.0
-0.088096797466278,91.0,43.0,100.0
0.119268998503685,90.0,43.0,100.0
-0.137470006942749,89.5,43.0,100.0
0.5636249780654907,89.0,43.0,100.0
0.0106488997116684,89.0,43.0,100.0
-0.1078459993004798,89.0,43.0,100.0
-0.0288494005799293,89.0,43.0,100.0
-0.0288494005799293,89.0,43.0,100.0
-0.186842992901802,91.5,43.0,100.0
-0.0387240014970302,94.0,43.0,100.0
0.0501471012830734,98.5,43.0,100.0
0.0797709003090858,103.0,43.0,100.0
-0.0683476999402046,107.0,43.0,100.0
-0.0584730990231037,111.0,43.0,100.0
-0.0387240014970302,111.5,43.0,100.0
1.0869799852371216,112.0,43.0,100.0
0.0106488997116684,111.0,43.0,100.0
-0.2362149953842163,110.0,43.0,100.0
-0.186842992901802,107.0,43.0,100.0
0.1291439980268478,104.0,43.0,100.0
-0.137470006942749,102.5,43.0,100.0
0.0501471012830734,101.0,43.0,100.0
-0.0288494005799293,98.5,43.0,100.0
0.4648790061473846,96.0,43.0,100.0
0.0106488997116684,94.0,43.0,100.0
0.178516998887062,92.0,43.0,100.0
-0.3250870108604431,91.0,43.0,100.0
-0.2065919935703277,90.0,43.0,100.0
-0.1177209988236427,89.0,43.0,100.0
-0.0979714021086692,88.0,43.0,100.0
-0.0584730990231037,87.5,43.0,100.0
-0.0782222971320152,87.0,43.0,100.0
-0.4534560143947601,86.5,43.0,100.0
0.0995199978351593,86.0,43.0,100.0
0.0501471012830734,85.5,43.0,100.0
0.5636249780654907,85.0,43.0,100.0
0.0106488997116684,84.5,43.0,100.0
0.0797709003090858,84.0,43.0,100.0
-0.1275950074195861,84.0,43.0,100.0
-0.1967169940471649,84.0,43.0,100.0
-0.0189747996628284,84.0,43.0,100.0
-0.088096797466278,84.0,43.0,100.0
-0.1572189927101135,84.0,43.0,100.0
0.0402726009488105,84.0,43.0,100.0
-0.1670929938554763,84.0,43.0,100.0
-0.0782222971320152,84.0,43.0,100.0
-0.1670929938554763,84.0,43.0,100.0
-0.0683476999402046,84.0,43.0,100.0
-0.1670929938554763,84.0,43.0,100.0
-0.088096797466278,84.0,43.0,100.0
-0.2460899949073791,84.0,43.0,100.0
-0.186842992901802,84.0,43.0,100.0
-0.2263409942388534,84.0,43.0,100.0
-0.1670929938554763,84.0,43.0,100.0
-0.137470006942749,84.0,43.0,100.0
-0.1078459993004798,84.0,43.0,100.0
-0.186842992901802,83.5,43.0,100.0
-0.1275950074195861,83.0,43.0,100.0
-0.0979714021086692,83.0,43.0,100.0
-0.0584730990231037,83.0,43.0,100.0
-0.1275950074195861,83.0,43.0,100.0
-0.0584730990231037,83.0,43.0,100.0
-0.1177209988236427,83.5,43.0,100.0
-0.1177209988236427,84.0,43.0,100.0
-0.0782222971320152,84.0,43.0,100.0
-0.1275950074195861,84.0,43.0,100.0
-0.0782222971320152,84.0,43.0,100.0
-0.1769679933786392,84.0,43.0,100.0
-0.1967169940471649,83.5,43.0,100.0
-0.4238319993019104,83.0,43.0,100.0
0.5438759922981262,82.5,43.0,100.0
-0.0584730990231037,82.0,43.0,100.0
-0.1473439931869506,81.5,43.0,100.0
-0.1769679933786392,81.0,43.0,100.0
-0.0979714021086692,81.0,43.0,100.0
0.0106488997116684,81.0,43.0,100.0
-0.2362149953842163,81.5,43.0,100.0
-0.8583130240440369,82.0,43.0,100.0
0.4253810048103332,82.5,43.0,100.0
-0.2460899949073791,83.0,43.0,100.0
-0.1275950074195861,83.0,43.0,100.0
-0.0387240014970302,83.0,43.0,100.0
-0.4139580130577087,83.0,43.0,100.0
0.9783570170402528,83.0,43.0,100.0
-0.0288494005799293,83.0,43.0,100.0
-0.0584730990231037,83.0,43.0,100.0
-0.0979714021086692,82.5,43.0,100.0
-0.0485985986888408,82.0,43.0,100.0
-0.186842992901802,82.0,43.0,100.0
-0.1967169940471649,82.0,43.0,100.0
-0.0683476999402046,82.0,43.0,100.0
-0.2263409942388534,82.0,43.0,100.0
-0.0485985986888408,82.0,43.0,100.0
-0.0782222971320152,82.0,43.0,100.0
-0.3250870108604431,82.0,43.0,100.0
-0.1078459993004798,82.0,43.0,100.0
-0.2855879962444305,82.0,43.0,100.0
-0.0485985986888408,82.0,43.0,100.0
-0.0584730990231037,82.5,43.0,100.0
-0.1275950074195861,83.0,43.0,100.0
-0.0288494005799293,83.0,43.0,100.0
-0.1572189927101135,83.0,43.0,100.0
-0.088096797466278,83.5,43.0,100.0
-0.0485985986888408,84.0,43.0,100.0
-0.1572189927101135,83.5,43.0,100.0
-0.1275950074195861,83.0,43.0,100.0
-0.8286899924278259,83.5,43.0,100.0
-0.3645850121974945,84.0,43.0,100.0
0.741366982460022,84.0,43.0,100.0
0.0995199978351593,84.0,43.0,100.0
-0.0683476999402046,84.0,43.0,100.0
-0.1473439931869506,84.0,43.0,100.0
0.0797709003090858,84.0,43.0,100.0
-0.137470006942749,84.0,43.0,100.0
-0.255964994430542,83.5,43.0,100.0
0.0896454006433487,83.0,43.0,100.0
-0.0091002704575657,82.5,43.0,100.0
0.0797709003090858,82.0,43.0,100.0
-0.2855879962444305,82.5,43.0,100.0
-0.0683476999402046,83.0,43.0,100.0
-0.2065919935703277,83.5,43.0,100.0
-0.0485985986888408,84.0,43.0,100.0
-0.1572189927101135,85.5,43.0,100.0
0.0303980000317096,87.0,43.0,100.0
-0.3250870108604431,90.0,43.0,100.0
-0.137470006942749,93.0,43.0,100.0
0.0698963031172752,93.0,43.0,100.0
-0.1177209988236427,93.0,43.0,100.0
0.00077429699013,95.5,43.0,100.0
0.00077429699013,98.0,43.0,100.0
-0.1967169940471649,99.0,43.0,100.0
-0.1078459993004798,100.0,43.0,100.0
-0.0683476999402046,100.5,43.0,100.0
-0.0288494005799293,101.0,43.0,100.0
0.3365100026130676,102.0,43.0,100.0
0.2081400007009506,103.0,43.0,100.0
0.0205233991146087,103.5,43.0,100.0
-0.1473439931869506,104.0,43.0,100.0
-0.0485985986888408,106.0,43.0,100.0
-0.137470006942749,108.0,43.0,100.0
-0.1572189927101135,108.0,43.0,100.0
-0.710195004940033,108.0,43.0,100.0
0.0501471012830734,107.0,43.0,100.0
-0.1572189927101135,106.0,43.0,100.0
-0.1572189927101135,106.0,43.0,100.0
-0.0288494005799293,106.0,43.0,100.0
-0.0683476999402046,105.5,43.0,100.0
0.0205233991146087,105.0,43.0,100.0
-0.0584730990231037,105.0,43.0,100.0
-0.088096797466278,105.0,43.0,100.0
-0.088096797466278,104.5,43.0,100.0
-0.0782222971320152,104.0,43.0,100.0
-0.1275950074195861,103.5,43.0,100.0
-0.088096797466278,103.0,43.0,100.0
-0.1078459993004798,103.5,43.0,100.0
-0.2164659947156906,104.0,43.0,100.0
0.0698963031172752,104.0,43.0,100.0
-0.1177209988236427,104.0,43.0,100.0
-0.137470006942749,104.0,43.0,100.0
0.701869010925293,104.0,43.0,100.0
0.0402726009488105,104.0,43.0,100.0
-0.0387240014970302,104.0,43.0,100.0
-0.0387240014970302,103.5,43.0,100.0
-0.137470006942749,103.0,43.0,100.0
-0.0584730990231037,103.0,43.0,100.0
-0.0584730990231037,103.0,43.0,100.0
-0.2855879962444305,103.0,43.0,100.0
0.0501471012830734,103.0,43.0,100.0
-0.0091002704575657,103.0,43.0,100.0
-0.1177209988236427,103.0,43.0,100.0
-0.1177209988236427,103.0,43.0,100.0
-0.0288494005799293,103.0,43.0,100.0
-0.0288494005799293,102.5,43.0,100.0
0.1390179991722107,102.0,43.0,100.0
-0.0683476999402046,101.5,43.0,100.0
-0.088096797466278,101.0,43.0,100.0
-0.6410729885101318,101.0,43.0,100.0
-0.4139580130577087,101.0,43.0,100.0
-0.3250870108604431,101.5,43.0,100.0
-0.0189747996628284,102.0,43.0,100.0
-0.0683476999402046,102.0,43.0,100.0
0.0303980000317096,102.0,43.0,100.0
-0.088096797466278,102.0,43.0,100.0
-0.2362149953842163,102.0,43.0,100.0
0.0402726009488105,102.0,43.0,100.0
-0.0485985986888408,102.0,43.0,100.0
0.1291439980268478,102.0,43.0,100.0
-0.1275950074195861,102.0,43.0,100.0
-0.0683476999402046,102.0,43.0,100.0
-0.088096797466278,102.0,43.0,100.0
-0.2065919935703277,102.0,43.0,100.0
0.060021698474884,102.0,43.0,100.0
-0.0485985986888408,102.0,43.0,100.0
-0.1670929938554763,102.0,43.0,100.0
-0.1670929938554763,102.0,43.0,100.0
-0.0584730990231037,102.0,43.0,100.0
-0.0683476999402046,102.0,43.0,100.0
0.0995199978351593,102.0,43.0,100.0
0.0402726009488105,102.0,43.0,100.0
-0.0683476999402046,102.0,43.0,100.0
-0.1078459993004798,102.5,43.0,100.0
-0.0683476999402046,103.0,43.0,100.0
-0.088096797466278,103.0,43.0,100.0
-0.0979714021086692,103.0,43.0,100.0
-0.2263409942388534,103.0,43.0,100.0
0.060021698474884,103.0,43.0,100.0
-0.2164659947156906,102.5,43.0,100.0
-0.0091002704575657,102.0,43.0,100.0
-0.1078459993004798,102.0,43.0,100.0
-0.088096797466278,102.0,43.0,100.0
-0.0288494005799293,102.0,43.0,100.0
-0.0091002704575657,102.0,43.0,100.0
-0.0189747996628284,102.0,43.0,100.0
-0.088096797466278,102.0,43.0,100.0
-0.2855879962444305,101.5,43.0,100.0
-0.0979714021086692,101.0,43.0,100.0
-0.088096797466278,101.0,43.0,100.0
-0.1670929938554763,101.0,43.0,100.0
-0.1177209988236427,101.5,43.0,100.0
-0.088096797466278,102.0,43.0,100.0
-0.0683476999402046,102.0,43.0,100.0
0.5833740234375,102.0,43.0,100.0
-0.0584730990231037,102.0,43.0,100.0
-0.1473439931869506,102.0,43.0,100.0
-0.1572189927101135,102.0,43.0,100.0
0.0501471012830734,102.0,43.0,100.0
-0.0189747996628284,102.0,43.0,100.0
-0.0979714021086692,102.0,43.0,100.0
-0.1967169940471649,102.0,48.5,100.0
-0.0782222971320152,102.0,54.0,100.0
-0.1177209988236427,102.0,57.0,100.0
0.1982659995555877,102.0,60.0,100.0
-0.0979714021086692,102.0,61.0,100.0
-0.1473439931869506,102.0,62.0,100.0
-0.088096797466278,102.0,62.0,100.0
0.00077429699013,102.0,62.0,100.0
0.0896454006433487,101.5,63.0,100.0
-0.1275950074195861,101.0,64.0,100.0
-0.1670929938554763,101.0,63.0,100.0
-0.137470006942749,101.0,62.0,100.0
-0.0485985986888408,101.0,62.5,100.0
0.6031230092048645,101.0,63.0,100.0
-0.1275950074195861,101.0,62.5,100.0
0.1488929986953735,101.0,62.0,100.0
0.701869010925293,100.5,62.0,100.0
-0.0979714021086692,100.0,62.0,100.0
-0.0782222971320152,100.0,63.0,100.0
0.928983986377716,100.0,64.0,100.0
-0.0683476999402046,100.0,62.5,100.0
-0.0584730990231037,100.0,61.0,100.0
-0.0091002704575657,99.5,61.5,100.0
-0.0584730990231037,99.0,62.0,100.0
-0.2065919935703277,99.0,61.5,100.0
-0.1078459993004798,99.0,61.0,100.0
-0.1275950074195861,98.5,60.5,100.0
-0.0782222971320152,98.0,60.0,100.0
0.2081400007009506,98.0,61.0,100.0
-0.0485985986888408,98.0,62.0,100.0
-0.2757140100002289,105.0,61.0,100.0
0.0501471012830734,112.0,60.0,100.0
0.060021698474884,112.0,60.5,100.0
0.5932480096817017,112.0,61.0,100.0
-0.0683476999402046,112.0,60.5,100.0
-0.0683476999402046,112.0,60.0,100.0
-0.3053370118141174,104.5,59.0,100.0
-0.1670929938554763,97.0,58.0,100.0
-0.0979714021086692,97.0,58.5,100.0
0.3858830034732818,97.0,59.0,100.0
-0.0387240014970302,97.0,58.0,100.0
-0.0485985986888408,97.0,57.0,100.0
-0.0782222971320152,97.0,57.5,100.0
-0.0683476999402046,97.0,58.0,100.0
-0.088096797466278,97.0,58.0,100.0
-0.137470006942749,97.0,58.0,100.0
-0.2460899949073791,97.0,57.5,100.0
0.0698963031172752,97.0,57.0,100.0
-0.0387240014970302,97.0,57.0,100.0
-0.1967169940471649,97.0,57.0,100.0
-0.0584730990231037,97.0,56.5,100.0
-0.0584730990231037,97.0,56.0,100.0
-0.1572189927101135,97.0,56.5,100.0
-0.0485985986888408,97.0,57.0,100.0
-0.1473439931869506,96.5,57.5,100.0
-0.255964994430542,96.0,58.0,100.0
0.1686419993638992,96.0,57.5,100.0
-0.0979714021086692,96.0,57.0,100.0
-0.0485985986888408,96.0,57.0,100.0
-0.2757140100002289,96.0,57.0,100.0
-0.0387240014970302,96.0,56.5,100.0
-0.088096797466278,96.0,56.0,100.0
-0.0584730990231037,95.5,56.5,100.0
-0.0387240014970302,95.0,57.0,100.0
0.6821200251579285,95.0,57.0,100.0
-0.088096797466278,95.0,57.0,100.0
-0.1275950074195861,95.0,57.0,100.0
-0.0485985986888408,95.0,57.0,100.0
0.1390179991722107,94.5,57.0,100.0
-0.0979714021086692,94.0,57.0,100.0
-0.0189747996628284,94.0,57.0,100.0
0.741366982460022,94.0,57.0,100.0
0.00077429699013,94.0,57.5,100.0
-0.0584730990231037,94.0,58.0,100.0
-0.0584730990231037,93.5,58.0,100.0
-0.1473439931869506,93.0,58.0,100.0
0.0402726009488105,93.0,57.5,100.0
-0.0782222971320152,93.0,57.0,100.0
-0.1078459993004798,93.0,57.0,100.0
-0.0387240014970302,93.0,57.0,100.0
0.1093949973583221,93.0,57.0,100.0
-0.0979714021086692,93.0,57.0,100.0
-0.1769679933786392,93.0,57.5,100.0
-0.0584730990231037,93.0,58.0,100.0
-0.088096797466278,93.0,58.0,100.0
-0.0288494005799293,93.0,58.0,100.0
-0.0189747996628284,92.5,58.0,100.0
-0.088096797466278,92.0,58.0,100.0
-0.0683476999402046,92.0,58.0,100.0
-0.0979714021086692,92.0,58.0,100.0
-0.0584730990231037,92.0,58.0,100.0
-0.2164659947156906,92.0,58.0,100.0
-0.6904460191726685,91.5,58.0,100.0
0.0797709003090858,91.0,58.0,100.0
-0.088096797466278,91.0,58.0,100.0
0.6722450256347656,91.0,58.0,100.0
-0.0485985986888408,91.0,57.5,100.0
0.0205233991146087,91.0,57.0,100.0
-0.0288494005799293,90.5,57.5,100.0
-0.3349609971046448,90.0,58.0,100.0
0.247639000415802,90.0,57.5,100.0
-0.1967169940471649,90.0,57.0,100.0
-0.0979714021086692,90.0,57.0,100.0
-1.5100300312042236,90.0,57.0,100.0
-0.5423269867897034,90.0,57.0,100.0
0.3365100026130676,90.0,57.0,100.0
0.178516998887062,90.0,56.5,100.0
-0.384333997964859,90.0,56.0,100.0
-0.186842992901802,90.0,57.0,100.0
0.3365100026130676,90.0,58.0,100.0
-0.4040830135345459,90.0,57.5,100.0
-0.3942089974880218,90.0,57.0,100.0
0.928983986377716,91.5,57.5,100.0
-0.3744589984416961,93.0,58.0,100.0
-0.3942089974880218,93.0,59.5,100.0
-0.2460899949073791,93.0,61.0,100.0
-0.0091002704575657,93.0,60.5,100.0
-0.2362149953842163,93.0,60.0,100.0
-0.2757140100002289,94.0,60.5,100.0
0.376008003950119,95.0,61.0,100.0
-0.1275950074195861,95.5,60.5,100.0
-0.0387240014970302,96.0,60.0,100.0
0.060021698474884,96.0,61.0,100.0
-0.0485985986888408,96.0,62.0,100.0
0.0698963031172752,96.0,61.5,100.0
0.0303980000317096,96.0,61.0,100.0
-0.0387240014970302,96.0,60.0,100.0
0.7907400131225586,96.0,59.0,100.0
-0.0485985986888408,96.0,59.0,100.0
-0.137470006942749,96.0,59.0,100.0
-0.5522019863128662,96.0,57.0,100.0
-0.2065919935703277,96.0,55.0,100.0
-0.3250870108604431,103.5,56.0,100.0
0.0303980000317096,111.0,57.0,100.0
-0.2263409942388534,111.0,58.0,100.0
-0.1473439931869506,111.0,59.0,100.0
-0.0683476999402046,111.0,59.0,100.0
-0.3349609971046448,111.0,59.0,100.0
0.3957569897174835,104.5,60.0,100.0
-0.2263409942388534,98.0,61.0,100.0
0.6031230092048645,98.5,60.5,100.0
-0.2954629957675934,99.0,60.0,100.0
-0.0782222971320152,99.5,60.5,100.0
0.0303980000317096,100.0,61.0,100.0
0.178516998887062,100.5,61.5,100.0
-0.3547100126743316,101.0,62.0,100.0
-0.1177209988236427,101.5,62.0,100.0
-0.7595679759979248,102.0,62.0,100.0
-0.4040830135345459,103.0,64.0,100.0
0.7808650135993958,104.0,66.0,100.0
0.2772620022296905,104.0,66.0,100.0
0.4648790061473846,104.0,66.0,100.0
-0.0584730990231037,113.0,66.5,100.0
-0.5423269867897034,122.0,67.0,100.0
-0.2263409942388534,122.0,66.5,100.0
0.0797709003090858,122.0,66.0,100.0
0.376008003950119,114.0,65.5,100.0
-0.0091002704575657,106.0,65.0,100.0
0.9586079716682434,106.0,66.5,100.0
0.1291439980268478,106.0,68.0,100.0
0.1587669998407364,106.0,67.5,100.0
-0.0288494005799293,106.0,67.0,100.0
0.6623709797859192,105.5,67.5,100.0
-0.0288494005799293,105.0,68.0,100.0
-0.088096797466278,105.0,68.0,100.0
-0.2065919935703277,105.0,68.0,100.0
-0.137470006942749,104.5,67.5,100.0
-0.4238319993019104,104.0,67.0,100.0
-0.4435810148715973,103.5,67.5,100.0
-0.3349609971046448,103.0,68.0,100.0
0.0797709003090858,102.5,67.0,100.0
-0.4040830135345459,102.0,66.0,100.0
-0.2263409942388534,102.0,66.5,100.0
-0.1769679933786392,102.0,67.0,100.0
-0.088096797466278,102.0,67.0,100.0
-0.0979714021086692,102.0,67.0,100.0
0.494502991437912,101.5,66.5,100.0
-0.088096797466278,101.0,66.0,100.0
-0.1572189927101135,101.0,67.0,100.0
0.0106488997116684,101.0,68.0,100.0
-0.1275950074195861,101.0,67.5,100.0
-0.0485985986888408,101.0,67.0,100.0
-1.2236700057983398,100.5,67.5,100.0
0.1093949973583221,100.0,68.0,100.0
-0.137470006942749,100.0,68.0,100.0
0.1291439980268478,100.0,68.0,100.0
-0.2065919935703277,100.0,68.0,100.0
-0.0485985986888408,100.0,68.0,100.0
-0.1967169940471649,100.0,69.0,100.0
-0.1769679933786392,100.0,70.0,100.0
0.0205233991146087,99.5,69.0,100.0
1.037600040435791,99.0,68.0,100.0
-0.1473439931869506,99.0,68.5,100.0
-0.0189747996628284,99.0,69.0,100.0
-0.2362149953842163,98.5,69.0,100.0
-0.5818250179290771,98.0,69.0,100.0
-0.088096797466278,98.0,68.5,100.0
-0.3250870108604431,98.0,68.0,100.0
0.00077429699013,97.5,68.5,100.0
0.494502991437912,97.0,69.0,100.0
-0.088096797466278,97.0,68.0,100.0
-0.0979714021086692,97.0,67.0,100.0
-0.0782222971320152,96.5,67.5,100.0
0.0106488997116684,96.0,68.0,100.0
-0.0091002704575657,96.0,68.0,100.0
-0.2954629957675934,96.0,68.0,100.0
-0.0979714021086692,96.0,67.0,100.0
-0.0683476999402046,96.0,66.0,100.0
-0.0387240014970302,96.0,67.0,100.0
-0.137470006942749,96.0,68.0,100.0
-0.088096797466278,95.5,66.5,100.0
-0.1572189927101135,95.0,65.0,100.0
-0.0683476999402046,95.0,65.5,100.0
-0.0387240014970302,95.0,66.0,100.0
-0.1473439931869506,95.5,66.0,100.0
-0.0782222971320152,96.0,66.0,100.0
-0.0387240014970302,96.0,65.5,100.0
-0.088096797466278,96.0,65.0,100.0
-0.0288494005799293,96.0,65.5,100.0
-0.1967169940471649,96.0,66.0,100.0
-0.137470006942749,96.0,65.0,100.0
-0.1473439931869506,96.0,64.0,100.0
-0.2362149953842163,96.0,64.5,100.0
-0.088096797466278,96.0,65.0,100.0
-0.1670929938554763,96.0,65.5,100.0
-0.0584730990231037,96.0,66.0,100.0
-0.0782222971320152,96.0,65.5,100.0
-0.1275950074195861,96.0,65.0,100.0
-0.0288494005799293,96.0,66.0,100.0
-0.1769679933786392,96.0,67.0,100.0
-0.088096797466278,95.5,66.0,100.0
-0.0485985986888408,95.0,65.0,100.0
-0.0387240014970302,95.0,65.5,100.0
-0.0387240014970302,95.0,66.0,100.0
0.8104889988899231,95.0,66.0,100.0
-0.1670929938554763,95.0,66.0,100.0
-0.3053370118141174,95.0,65.5,100.0
0.0106488997116684,95.0,65.0,100.0
-0.5719509720802307,94.5,66.0,100.0
-0.0782222971320152,94.0,67.0,100.0
-0.2164659947156906,94.0,66.0,100.0
0.1390179991722107,94.0,65.0,100.0
-0.1275950074195861,94.0,66.0,100.0
-0.088096797466278,94.0,67.0,100.0
0.0402726009488105,94.0,66.5,100.0
0.060021698474884,94.0,66.0,100.0
-0.0288494005799293,93.5,65.0,100.0
-0.0485985986888408,93.0,64.0,100.0
-0.7003200054168701,93.0,64.0,100.0
0.3266350030899048,93.0,64.0,100.0
0.8006139993667603,92.5,63.0,100.0
-0.2065919935703277,92.0,62.0,100.0
-0.463331013917923,92.0,63.5,100.0
-0.0584730990231037,92.0,65.0,100.0
-0.0584730990231037,92.0,64.5,100.0
-0.2362149953842163,92.0,64.0,100.0
-0.0584730990231037,91.5,63.5,100.0
-0.3250870108604431,91.0,63.0,100.0
-0.0189747996628284,91.0,63.5,100.0
-0.3547100126743316,91.0,64.0,100.0
-0.384333997964859,90.5,63.0,100.0
-0.3547100126743316,90.0,62.0,100.0
-0.4534560143947601,90.0,62.0,100.0
-0.2362149953842163,90.0,62.0,100.0
-0.1572189927101135,89.5,62.5,100.0
0.0303980000317096,89.0,63.0,100.0
-0.3152120113372803,89.0,62.0,100.0
-0.0979714021086692,89.0,61.0,100.0
1.0079799890518188,88.5,62.0,100.0
-0.1177209988236427,88.0,63.0,100.0
-0.2164659947156906,88.0,62.0,100.0
0.00077429699013,88.0,61.0,100.0
-0.0288494005799293,88.0,61.5,100.0
-0.1177209988236427,88.0,62.0,100.0
-0.0683476999402046,87.5,62.0,100.0
0.0995199978351593,87.0,62.0,100.0
-0.1572189927101135,87.0,61.5,100.0
-0.186842992901802,87.0,61.0,100.0
0.0106488997116684,87.0,62.0,100.0
-0.2460899949073791,87.0,63.0,100.0
-0.1275950074195861,87.0,62.5,100.0
0.4056319892406463,87.0,62.0,100.0
-0.1769679933786392,87.0,62.0,100.0
-0.1275950074195861,87.0,62.0,100.0
0.0402726009488105,87.0,62.0,100.0
-0.0782222971320152,87.0,62.0,100.0
0.0896454006433487,93.5,62.0,100.0
-0.0979714021086692,100.0,62.0,100.0
-0.1967169940471649,100.0,62.5,100.0
-0.1670929938554763,100.0,63.0,100.0
-0.2954629957675934,96.0,62.5,100.0
-0.0584730990231037,92.0,62.0,100.0
-0.1078459993004798,89.0,62.0,100.0
0.0106488997116684,86.0,62.0,100.0
-0.0782222971320152,86.0,62.0,100.0
-0.2460899949073791,86.0,62.0,100.0
-0.1769679933786392,85.5,61.5,100.0
0.9981060028076172,85.0,61.0,100.0
0.1488929986953735,84.5,61.5,100.0
-0.2065919935703277,84.0,62.0,100.0
0.0402726009488105,84.0,60.5,100.0
-0.2362149953842163,84.0,59.0,100.0
-0.1967169940471649,84.0,60.0,100.0
1.7189500331878662,84.0,61.0,100.0
0.00077429699013,84.0,61.0,100.0
-0.1275950074195861,84.0,61.0,100.0
-0.2460899949073791,84.0,60.0,100.0
0.1982659995555877,84.0,59.0,100.0
0.1488929986953735,83.5,59.0,100.0
0.0797709003090858,83.0,59.0,100.0
-0.2460899949073791,83.0,59.0,100.0
-0.0782222971320152,83.0,59.0,100.0
-0.0584730990231037,83.0,59.0,100.0
-0.0485985986888408,83.0,59.0,100.0
-0.2757140100002289,83.0,60.0,100.0
-0.1473439931869506,83.0,61.0,100.0
-0.1177209988236427,83.0,60.5,100.0
0.1488929986953735,83.0,60.0,100.0
0.0303980000317096,83.0,61.0,100.0
0.0106488997116684,83.0,62.0,100.0
-0.1177209988236427,83.5,61.5,100.0
-0.0584730990231037,84.0,61.0,100.0
-0.255964994430542,83.5,61.0,100.0
0.0205233991146087,83.0,61.0,100.0
-0.255964994430542,83.0,61.5,100.0
-0.1177209988236427,83.0,62.0,100.0
-0.1177209988236427,83.0,61.5,100.0
-0.1078459993004798,83.0,61.0,100.0
-0.088096797466278,82.5,62.0,100.0
-0.1967169940471649,82.0,63.0,100.0
-0.2263409942388534,82.0,62.5,100.0
-0.0189747996628284,82.0,62.0,100.0
-0.0189747996628284,82.0,62.0,100.0
-0.1967169940471649,82.0,62.0,100.0
0.0896454006433487,82.0,62.0,100.0
-0.2065919935703277,82.0,62.0,100.0
-0.1078459993004798,82.0,61.5,100.0
-0.1078459993004798,82.0,61.0,100.0
-0.0189747996628284,81.5,61.5,100.0
-0.4238319993019104,81.0,62.0,100.0
-0.088096797466278,81.0,61.5,100.0
0.0106488997116684,81.0,61.0,100.0
-0.0584730990231037,80.5,61.5,100.0
0.0205233991146087,80.0,62.0,100.0
-0.186842992901802,80.5,62.0,100.0
-0.1275950074195861,81.0,62.0,100.0
-0.0782222971320152,81.0,61.5,100.0
0.928983986377716,81.0,61.0,100.0
-0.7299439907073975,81.0,61.5,100.0
-0.1769679933786392,81.0,62.0,100.0
-0.1670929938554763,81.0,61.5,100.0
-0.0485985986888408,81.0,61.0,100.0
0.0106488997116684,81.0,61.0,100.0
-0.0387240014970302,81.0,61.0,100.0
-0.0683476999402046,81.0,61.0,100.0
-0.137470006942749,81.0,61.0,100.0
-0.9274349808692932,81.0,60.5,100.0
-0.0485985986888408,81.0,60.0,100.0
0.5241270065307617,81.0,60.5,100.0
-0.0288494005799293,81.0,61.0,100.0
-0.0288494005799293,81.0,61.0,100.0
-0.2263409942388534,81.0,61.0,100.0
-0.1670929938554763,81.5,61.0,100.0
0.0303980000317096,82.0,61.0,100.0
-0.2164659947156906,82.0,61.0,100.0
-0.0979714021086692,82.0,61.0,100.0
-0.1670929938554763,81.5,60.5,100.0
0.1390179991722107,81.0,60.0,100.0
-0.0387240014970302,81.0,60.5,100.0
-0.8385639786720276,81.0,61.0,100.0
0.0402726009488105,81.0,60.5,100.0
-0.0485985986888408,81.0,60.0,100.0
0.7709910273551941,81.0,60.5,100.0
-1.737149953842163,81.0,61.0,100.0
-0.0782222971320152,81.0,61.5,100.0
-0.1078459993004798,81.0,62.0,100.0
0.119268998503685,81.0,61.5,100.0
-0.0584730990231037,81.0,61.0,100.0
0.6426209807395935,86.0,61.5,100.0
0.119268998503685,91.0,62.0,100.0
-0.088096797466278,87.0,61.0,100.0
-0.0683476999402046,83.0,60.0,100.0
-0.1769679933786392,80.5,60.0,100.0
-0.1078459993004798,78.0,60.0,100.0
-0.0584730990231037,77.5,60.5,100.0
-0.2362149953842163,77.0,61.0,100.0
-0.0683476999402046,77.0,60.5,100.0
-0.0782222971320152,77.0,60.0,100.0
-0.3250870108604431,77.5,60.5,100.0
0.1982659995555877,78.0,61.0,100.0
-0.0485985986888408,78.0,60.5,100.0
-0.1473439931869506,78.0,60.0,100.0
-0.2954629957675934,78.0,60.0,100.0
-0.0485985986888408,78.0,60.0,100.0
-0.0485985986888408,77.5,60.0,100.0
-0.2065919935703277,77.0,60.0,100.0
0.0303980000317096,77.0,59.5,100.0
-0.0979714021086692,77.0,59.0,100.0
-0.186842992901802,77.0,59.5,100.0
0.1291439980268478,77.0,60.0,100.0
-0.1670929938554763,77.5,60.0,100.0
0.1982659995555877,78.0,60.0,100.0
-0.0979714021086692,78.0,60.0,100.0
-0.0683476999402046,78.0,60.0,100.0
-0.1572189927101135,78.0,60.5,100.0
0.00077429699013,78.0,61.0,100.0
-0.1473439931869506,78.0,60.5,100.0
-0.0091002704575657,78.0,60.0,100.0
-0.1275950074195861,78.0,60.5,100.0
-0.1078459993004798,78.0,61.0,100.0
-0.0683476999402046,78.0,60.5,100.0
-0.1670929938554763,78.0,60.0,100.0
0.00077429699013,78.0,60.0,100.0
-0.1177209988236427,78.0,60.0,100.0
0.8203639984130859,78.0,60.5,100.0
0.0303980000317096,78.0,61.0,100.0
-0.0782222971320152,78.0,60.0,100.0
0.0402726009488105,78.0,59.0,100.0
-0.1177209988236427,77.5,59.5,100.0
0.0896454006433487,77.0,60.0,100.0
-0.0782222971320152,76.5,59.5,100.0
0.00077429699013,76.0,59.0,100.0
-0.1078459993004798,75.5,59.0,100.0
0.0501471012830734,75.0,59.0,100.0
-0.0782222971320152,75.0,59.5,100.0
-0.1177209988236427,75.0,60.0,100.0
-0.0584730990231037,75.0,59.5,100.0
-0.1078459993004798,75.0,59.0,100.0
0.0205233991146087,75.5,60.0,100.0
-0.0683476999402046,76.0,61.0,100.0
-0.0683476999402046,76.5,60.5,100.0
-0.0584730990231037,77.0,60.0,100.0
-0.137470006942749,77.5,60.0,100.0
0.0501471012830734,78.0,60.0,100.0
-0.0683476999402046,78.0,60.5,100.0
0.7117429971694946,78.0,61.0,100.0
0.0303980000317096,78.0,60.5,100.0
-0.0683476999402046,78.0,60.0,100.0
-0.1177209988236427,78.0,60.5,100.0
-0.0288494005799293,78.0,61.0,100.0
-0.0683476999402046,78.0,60.5,100.0
0.0205233991146087,78.0,60.0,100.0
-0.1078459993004798,78.0,60.0,100.0
0.0501471012830734,78.0,60.0,100.0
-0.0189747996628284,77.5,60.5,100.0
0.0402726009488105,77.0,61.0,100.0
-0.1473439931869506,76.5,60.5,100.0
-0.0485985986888408,76.0,60.0,100.0
-0.0979714021086692,76.0,60.5,100.0
-0.0979714021086692,76.0,61.0,100.0
-0.0782222971320152,75.5,60.5,100.0
0.0797709003090858,75.0,60.0,100.0
-0.0387240014970302,74.5,60.0,100.0
0.0501471012830734,74.0,60.0,100.0
-0.1078459993004798,73.5,60.5,100.0
0.00077429699013,73.0,61.0,100.0
-0.1275950074195861,73.5,61.0,100.0
-0.0091002704575657,74.0,61.0,100.0
-0.1275950074195861,74.0,61.5,100.0
0.060021698474884,74.0,62.0,100.0
-0.0782222971320152,74.0,62.0,100.0
0.00077429699013,74.0,62.0,100.0
-0.137470006942749,74.0,82.0,100.0
0.0501471012830734,74.0,102.0,100.0
-0.0683476999402046,74.5,102.0,100.0
0.0303980000317096,75.0,102.0,100.0
-0.0979714021086692,75.0,113.0,100.0
-0.0189747996628284,75.0,124.0,100.0
-0.0683476999402046,75.0,124.0,100.0
0.0303980000317096,75.0,124.0,100.0
-0.0979714021086692,75.0,133.5,100.0
0.0995199978351593,75.0,143.0,100.0
-0.0683476999402046,75.0,143.0,100.0
-0.1275950074195861,75.0,143.0,100.0
-0.0387240014970302,75.0,103.0,100.0
0.0402726009488105,75.0,63.0,100.0
-0.1275950074195861,75.0,61.5,100.0
-0.1177209988236427,75.0,60.0,100.0
-0.0782222971320152,75.0,60.0,100.0
-0.0683476999402046,75.0,60.0,100.0
-0.0584730990231037,75.0,60.0,100.0
-0.2460899949073791,75.0,60.0,100.0
-0.0683476999402046,75.5,60.0,100.0
-0.0683476999402046,76.0,60.0,100.0
0.0205233991146087,76.0,60.0,100.0
-0.1473439931869506,76.0,60.0,100.0
0.0106488997116684,76.0,59.0,100.0
-0.0782222971320152,76.0,58.0,100.0
-0.1078459993004798,76.0,58.0,100.0
-0.0387240014970302,76.0,58.0,100.0
-0.0979714021086692,76.0,58.0,100.0
-0.0288494005799293,76.0,58.0,100.0
-0.1473439931869506,76.0,80.5,100.0
0.060021698474884,76.0,103.0,100.0
-0.0782222971320152,76.5,103.0,100.0
1.0474799871444702,77.0,103.0,100.0
0.0106488997116684,77.0,108.5,100.0
-0.1473439931869506,77.0,114.0,100.0
0.00077429699013,77.0,114.0,100.0
-0.1078459993004798,77.0,114.0,100.0
0.0995199978351593,77.0,145.0,100.0
-0.0979714021086692,77.0,176.0,100.0
-0.1078459993004798,76.5,176.0,100.0
-0.0584730990231037,76.0,176.0,100.0
-0.0683476999402046,76.0,181.5,100.0
-0.0683476999402046,76.0,187.0,100.0
-0.1078459993004798,75.5,189.5,100.0
-0.0683476999402046,75.0,192.0,100.0
-0.0288494005799293,75.0,192.0,100.0
-0.0683476999402046,75.0,192.0,100.0
-0.0584730990231037,74.5,192.0,100.0
-0.0979714021086692,74.0,192.0,100.0
-0.0387240014970302,74.0,163.0,100.0
-0.1473439931869506,74.0,134.0,100.0
-0.088096797466278,74.5,118.0,100.0
0.0106488997116684,75.0,102.0,100.0
-0.1078459993004798,75.0,89.5,100.0
-0.0387240014970302,75.0,77.0,100.0
-0.1078459993004798,75.5,73.5,100.0
0.0797709003090858,76.0,70.0,100.0
-0.0584730990231037,76.0,67.0,100.0
-0.1177209988236427,76.0,64.0,100.0
-0.0683476999402046,76.5,63.0,100.0
-0.0288494005799293,77.0,62.0,100.0
-0.0683476999402046,76.0,61.5,100.0
-0.1078459993004798,75.0,61.0,100.0
-0.0782222971320152,75.0,60.0,100.0
-0.0387240014970302,75.0,59.0,100.0
-0.0683476999402046,75.0,59.5,100.0
-0.1078459993004798,75.0,60.0,100.0
-0.0288494005799293,75.0,59.5,100.0
-0.0979714021086692,75.0,59.0,100.0
0.0106488997116684,75.0,59.0,100.0
-0.088096797466278,75.0,59.0,100.0
-0.0584730990231037,75.5,59.5,100.0
-0.0584730990231037,76.0,60.0,100.0
-0.0979714021086692,77.0,59.5,100.0
0.0501471012830734,78.0,59.0,100.0
-0.0683476999402046,78.0,60.0,100.0
0.7611160278320312,78.0,61.0,100.0
0.0303980000317096,78.0,60.5,100.0
-0.088096797466278,78.0,60.0,100.0
-0.0979714021086692,78.0,60.0,100.0
-0.0584730990231037,78.0,60.0,100.0
-0.0782222971320152,77.5,60.5,100.0
-0.0091002704575657,77.0,61.0,100.0
-0.1572189927101135,77.0,60.5,100.0
0.0797709003090858,77.0,60.0,100.0
-0.0683476999402046,77.0,60.5,100.0
-0.0683476999402046,77.0,61.0,100.0
-0.0189747996628284,77.0,60.5,100.0
-0.1177209988236427,77.0,60.0,100.0
-0.0782222971320152,76.5,59.5,100.0
1.0573500394821167,76.0,59.0,100.0
-0.0189747996628284,76.0,59.5,100.0
-0.088096797466278,76.0,60.0,100.0
-0.0683476999402046,75.5,59.5,100.0
0.7709910273551941,75.0,59.0,100.0
-0.0189747996628284,74.5,59.5,100.0
-0.0979714021086692,74.0,60.0,100.0
-0.0782222971320152,74.0,59.5,100.0
0.1883910000324249,74.0,59.0,100.0
-0.0091002704575657,74.5,59.0,100.0
-0.0683476999402046,75.0,59.0,100.0
-0.088096797466278,75.5,59.5,100.0
-0.0387240014970302,76.0,60.0,100.0
-0.0387240014970302,76.0,59.5,100.0
-0.0782222971320152,76.0,59.0,100.0
-0.0979714021086692,76.0,59.5,100.0
-0.0584730990231037,76.0,60.0,100.0
-0.0782222971320152,76.0,59.5,100.0
-0.0683476999402046,76.0,59.0,100.0
-0.0979714021086692,75.5,58.5,100.0
-0.0387240014970302,75.0,58.0,100.0
-0.0782222971320152,75.0,58.5,100.0
-0.088096797466278,75.0,59.0,100.0
0.9092350006103516,75.0,58.5,100.0
-0.0485985986888408,75.0,58.0,100.0
-0.0782222971320152,75.0,58.5,100.0
0.00077429699013,75.0,59.0,100.0
-0.0979714021086692,75.0,59.0,100.0
0.0797709003090858,75.0,59.0,100.0
-0.088096797466278,75.5,59.0,100.0
-0.1078459993004798,76.0,59.0,100.0
-0.0683476999402046,76.0,59.0,100.0
-0.0485985986888408,76.0,59.0,100.0
-0.0189747996628284,76.5,59.0,100.0
0.0698963031172752,77.0,59.0,100.0
0.0698963031172752,77.0,59.5,100.0
-0.0782222971320152,77.0,60.0,100.0
-0.0979714021086692,77.0,59.5,100.0
-0.0584730990231037,77.0,59.0,100.0
-0.0584730990231037,77.0,59.0,100.0
-0.0683476999402046,77.0,59.0,100.0
-0.2460899949073791,76.5,59.5,100.0
0.119268998503685,76.0,60.0,100.0
-0.0782222971320152,76.0,59.5,100.0
-0.1078459993004798,76.0,59.0,100.0
-0.0288494005799293,76.0,59.5,100.0
-0.088096797466278,76.0,60.0,100.0
-0.0091002704575657,76.5,59.5,100.0
-0.0979714021086692,77.0,59.0,100.0
0.2278890013694763,77.0,59.0,100.0
0.5537499785423279,77.0,59.0,100.0
0.060021698474884,76.5,59.0,100.0
-0.0189747996628284,76.0,59.0,100.0
-0.2164659947156906,75.5,58.5,100.0
-0.137470006942749,75.0,58.0,100.0
-0.1275950074195861,74.0,58.0,100.0
-0.0782222971320152,73.0,58.0,100.0
-0.1473439931869506,73.0,58.0,100.0
0.00077429699013,73.0,58.0,100.0
-0.2164659947156906,73.0,57.5,100.0
-0.0683476999402046,73.0,57.0,100.0
-0.255964994430542,73.0,57.5,100.0
0.0303980000317096,73.0,58.0,100.0
-0.1769679933786392,73.5,57.5,100.0
-0.1078459993004798,74.0,57.0,100.0
0.1291439980268478,74.0,57.5,100.0
0.00077429699013,74.0,58.0,100.0
-0.1078459993004798,74.0,58.0,100.0
-0.1078459993004798,74.0,58.0,100.0
-0.1967169940471649,74.5,58.0,100.0
0.1093949973583221,75.0,58.0,100.0
-0.1177209988236427,75.0,58.5,100.0
-0.1078459993004798,75.0,59.0,100.0
-0.0979714021086692,75.5,58.5,100.0
-0.0387240014970302,76.0,58.0,100.0
-0.0683476999402046,76.0,58.5,100.0
-0.0782222971320152,76.0,59.0,100.0
-0.0091002704575657,76.0,58.5,100.0
-0.0584730990231037,76.0,58.0,100.0
-0.1078459993004798,75.5,58.0,100.0
-0.0979714021086692,75.0,58.0,100.0
-0.0091002704575657,75.0,58.0,100.0
0.1291439980268478,75.0,58.0,100.0
-0.0979714021086692,74.5,57.5,100.0
0.0106488997116684,74.0,57.0,100.0
-0.186842992901802,73.5,57.5,100.0
0.060021698474884,73.0,58.0,100.0
-0.0782222971320152,73.0,57.5,100.0
-0.0979714021086692,73.0,57.0,100.0
0.8203639984130859,73.0,57.0,100.0
-0.0189747996628284,73.0,57.0,100.0
-0.1078459993004798,73.0,57.5,100.0
-0.088096797466278,73.0,58.0,100.0
-0.137470006942749,73.5,57.5,100.0
-0.0485985986888408,74.0,57.0,100.0
-0.0683476999402046,74.0,57.5,100.0
-0.088096797466278,74.0,58.0,100.0
1.0771000385284424,74.5,58.0,100.0
-0.0091002704575657,75.0,58.0,100.0
-0.088096797466278,75.0,58.0,100.0
-0.0189747996628284,75.0,58.0,100.0
-0.0485985986888408,75.5,58.5,100.0
0.1488929986953735,76.0,59.0,100.0
-0.0782222971320152,76.0,58.5,100.0
-0.0683476999402046,76.0,58.0,100.0
-0.0584730990231037,76.0,58.0,100.0
0.0995199978351593,76.0,58.0,100.0
-0.0979714021086692,75.5,58.0,100.0
-0.1177209988236427,75.0,58.0,100.0
-0.0584730990231037,75.0,58.0,100.0
-0.0584730990231037,75.0,58.0,100.0
-0.0782222971320152,75.0,58.5,100.0
-0.0683476999402046,75.0,59.0,100.0
-0.0782222971320152,75.0,58.5,100.0
-0.0979714021086692,75.0,58.0,100.0
-0.088096797466278,75.0,58.5,100.0
-0.0288494005799293,75.0,59.0,100.0
0.00077429699013,75.0,58.5,100.0
-0.1177209988236427,75.0,58.0,100.0
-0.0979714021086692,75.0,58.0,100.0
-0.0584730990231037,75.0,58.0,100.0
0.0106488997116684,75.0,58.5,100.0
-0.1078459993004798,75.0,59.0,100.0
-0.0782222971320152,74.5,58.5,100.0
-0.0979714021086692,74.0,58.0,100.0
-0.0584730990231037,74.0,58.5,100.0
0.0402726009488105,74.0,59.0,100.0
-0.1078459993004798,73.5,58.5,100.0
-0.0387240014970302,73.0,58.0,100.0
-0.1275950074195861,73.0,57.5,100.0
0.0501471012830734,73.0,57.0,100.0
-0.0584730990231037,73.0,57.5,100.0
-0.088096797466278,73.0,58.0,100.0
0.9191089868545532,73.0,57.5,100.0
-0.0387240014970302,73.0,57.0,100.0
-0.1078459993004798,73.0,57.5,100.0
-0.0683476999402046,73.0,58.0,100.0
0.7611160278320312,73.5,58.0,100.0
0.0106488997116684,74.0,58.0,100.0
-0.0782222971320152,74.5,58.0,100.0
0.0106488997116684,75.0,58.0,100.0
-0.0584730990231037,75.5,58.5,100.0
-0.0387240014970302,76.0,59.0,100.0
-0.1078459993004798,76.5,58.5,100.0
-0.1275950074195861,77.0,58.0,100.0
0.1093949973583221,77.0,58.5,100.0
-0.0683476999402046,77.0,59.0,100.0
0.701869010925293,77.5,58.5,100.0
0.1093949973583221,78.0,58.0,100.0
-0.0782222971320152,78.0,58.0,100.0
0.8104889988899231,78.0,58.0,100.0
0.060021698474884,78.5,58.5,100.0
-0.088096797466278,79.0,59.0,100.0
0.8203639984130859,79.0,58.5,100.0
0.00077429699013,79.0,58.0,100.0
-0.1177209988236427,79.0,59.0,100.0
-0.1473439931869506,79.0,60.0,100.0
0.00077429699013,79.0,59.0,100.0
-0.0683476999402046,79.0,58.0,100.0
-0.0979714021086692,79.0,58.0,100.0
-0.0091002704575657,79.0,58.0,100.0
-0.0979714021086692,79.0,58.5,100.0
-0.0979714021086692,79.0,59.0,100.0
-0.0387240014970302,79.0,59.0,100.0
-0.1177209988236427,79.0,59.0,100.0
-0.1275950074195861,79.5,59.5,100.0
-0.0189747996628284,80.0,60.0,100.0
-0.0979714021086692,80.0,59.5,100.0
-0.1275950074195861,80.0,59.0,100.0
-0.0584730990231037,79.5,59.0,100.0
-0.1473439931869506,79.0,59.0,100.0
-0.0091002704575657,79.0,59.0,100.0
-0.0683476999402046,79.0,59.0,100.0
0.060021698474884,78.66666666666667,58.666666666666664,100.0
-0.0782222971320152,78.33333333333333,58.333333333333336,100.0
-0.1967169940471649,78.0,58.0,100.0
0.0797709003090858,78.0,58.5,100.0
-0.0782222971320152,78.0,59.0,100.0
-0.0485985986888408,78.0,58.5,100.0
-0.0091002704575657,78.0,58.0,100.0
-0.1275950074195861,78.0,58.0,100.0
-0.0189747996628284,78.0,58.0,100.0
-0.088096797466278,77.5,58.5,100.0
-0.0485985986888408,77.0,59.0,100.0
-0.1078459993004798,77.5,58.5,100.0
-0.1078459993004798,78.0,58.0,100.0
0.119268998503685,77.5,58.5,100.0
-0.0979714021086692,77.0,59.0,100.0
1.067229986190796,77.5,58.5,100.0
0.0303980000317096,78.0,58.0,100.0
-0.0683476999402046,78.0,58.0,100.0
-0.1275950074195861,78.0,58.0,100.0
-0.0189747996628284,78.0,58.5,100.0
-0.0979714021086692,78.0,59.0,100.0
-0.1078459993004798,78.0,58.0,100.0
-0.0485985986888408,78.0,57.0,100.0
-0.1177209988236427,78.5,58.0,100.0
0.00077429699013,79.0,59.0,100.0
-0.0782222971320152,79.0,58.5,100.0
-0.1078459993004798,79.0,58.0,100.0
0.0106488997116684,79.0,58.0,100.0
-0.0979714021086692,79.0,58.0,100.0
-0.0485985986888408,79.0,58.5,100.0
-0.0485985986888408,79.0,59.0,100.0
-0.1275950074195861,79.0,58.0,100.0
0.0501471012830734,79.0,57.0,100.0
-0.1177209988236427,79.0,57.5,100.0
-0.2954629957675934,79.0,58.0,100.0
0.0501471012830734,79.0,58.0,100.0
-0.0979714021086692,79.0,58.0,100.0
-0.0782222971320152,79.0,57.5,100.0
0.0106488997116684,79.0,57.0,100.0
-0.0782222971320152,78.5,57.5,100.0
-0.0288494005799293,78.0,58.0,100.0
-0.1275950074195861,77.5,57.5,100.0
-0.0485985986888408,77.0,57.0,100.0
-0.0584730990231037,77.0,57.0,100.0
-0.0782222971320152,77.0,57.0,100.0
-0.0782222971320152,76.5,56.5,100.0
-0.0288494005799293,76.0,56.0,100.0
-0.0683476999402046,76.0,56.0,100.0
0.0995199978351593,76.0,56.0,100.0
0.060021698474884,76.0,56.5,100.0
-0.0782222971320152,76.0,57.0,100.0
-0.1275950074195861,76.5,56.5,100.0
-0.0485985986888408,77.0,56.0,100.0
-0.0387240014970302,77.0,56.5,100.0
-0.0979714021086692,77.0,57.0,100.0
-0.2460899949073791,77.0,57.0,100.0
-0.0189747996628284,77.0,57.0,100.0
-0.1177209988236427,77.0,57.0,100.0
-0.0683476999402046,77.0,57.0,100.0
-0.1670929938554763,77.0,57.0,100.0
0.0995199978351593,77.0,57.0,100.0
-0.0782222971320152,76.5,56.5,100.0
-0.0979714021086692,76.0,56.0,100.0
-0.0485985986888408,76.0,56.5,100.0
-0.1078459993004798,76.0,57.0,100.0
-0.0979714021086692,76.0,56.5,100.0
0.9388579726219176,76.0,56.0,100.0
0.0106488997116684,75.5,56.0,100.0
-0.1769679933786392,75.0,56.0,100.0
-0.0979714021086692,75.0,56.5,100.0
0.9092350006103516,75.0,57.0,100.0
-0.0189747996628284,75.0,56.5,100.0
-0.0979714021086692,75.0,56.0,100.0
-0.0782222971320152,75.0,56.0,100.0
1.067229986190796,75.0,56.0,100.0
0.00077429699013,74.5,56.0,100.0
-0.2855879962444305,74.0,56.0,100.0
-0.0288494005799293,74.5,56.0,100.0
-0.2460899949073791,75.0,56.0,100.0
0.1686419993638992,75.0,56.5,100.0
-0.0782222971320152,75.0,57.0,100.0
0.6524959802627563,75.5,56.5,100.0
-0.0091002704575657,76.0,56.0,100.0
-0.0782222971320152,76.5,56.5,100.0
0.0303980000317096,77.0,57.0,100.0
-0.2263409942388534,77.0,57.0,100.0
0.1291439980268478,77.0,57.0,100.0
-0.0683476999402046,77.0,57.0,100.0
-0.1572189927101135,77.0,57.0,100.0
-0.1078459993004798,76.5,57.0,100.0
-0.088096797466278,76.0,57.0,100.0
-0.0782222971320152,76.0,56.5,100.0
1.0573500394821167,76.0,56.0,100.0
0.0205233991146087,76.0,56.5,100.0
-0.088096797466278,76.0,57.0,100.0
-0.1473439931869506,81.5,56.5,100.0
-0.1078459993004798,87.0,56.0,100.0
0.1390179991722107,85.0,56.0,100.0
-0.1177209988236427,83.0,56.0,100.0
-0.1078459993004798,79.5,56.5,100.0
-0.0288494005799293,76.0,57.0,100.0
-0.1078459993004798,76.0,56.5,100.0
-0.0782222971320152,76.0,56.0,100.0
-0.1769679933786392,76.0,56.5,100.0
0.0896454006433487,76.0,57.0,100.0
-0.1275950074195861,76.0,56.5,100.0
-0.0782222971320152,76.0,56.0,100.0
-0.1078459993004798,76.5,56.0,100.0
-0.1078459993004798,77.0,56.0,100.0
0.0205233991146087,77.0,56.5,100.0
-0.088096797466278,77.0,57.0,100.0
-0.0584730990231037,77.0,56.5,100.0
-0.186842992901802,77.0,56.0,100.0
0.4253810048103332,77.0,56.5,100.0
0.0698963031172752,77.0,57.0,100.0
-0.0782222971320152,77.0,56.5,100.0
-0.0782222971320152,77.0,56.0,100.0
-0.0288494005799293,77.0,56.0,100.0
0.1093949973583221,77.0,56.0,100.0
-0.1177209988236427,77.0,56.5,100.0
-0.1769679933786392,77.0,57.0,100.0
0.00077429699013,76.5,56.5,100.0
-0.1275950074195861,76.0,56.0,100.0
-0.0091002704575657,76.0,56.5,100.0
0.6623709797859192,76.0,57.0,100.0
0.00077429699013,75.5,56.5,100.0
-0.1177209988236427,75.0,56.0,100.0
-0.1078459993004798,75.0,56.0,100.0
1.067229986190796,75.0,56.0,100.0
-0.1670929938554763,75.0,56.0,100.0
-0.2263409942388534,75.0,56.0,100.0
0.0402726009488105,75.0,55.5,100.0
-0.2065919935703277,75.0,55.0,100.0
-0.1769679933786392,74.5,55.5,100.0
-0.1473439931869506,74.0,56.0,100.0
-0.186842992901802,74.0,55.5,100.0
-0.2460899949073791,74.0,55.0,100.0
-0.0584730990231037,74.0,55.0,100.0
-0.1078459993004798,74.0,55.0,100.0
-0.1473439931869506,74.0,55.5,100.0
-0.1967169940471649,74.0,56.0,100.0
-0.0189747996628284,74.5,55.5,100.0
0.119268998503685,75.0,55.0,100.0
-0.088096797466278,75.0,55.5,100.0
-0.1670929938554763,75.0,56.0,100.0
0.060021698474884,74.5,55.5,100.0
0.119268998503685,74.0,55.0,100.0
-0.1670929938554763,74.0,55.0,100.0
-0.137470006942749,74.0,55.0,100.0
-0.2362149953842163,74.0,55.5,100.0
-0.0189747996628284,74.0,56.0,100.0
-0.088096797466278,74.5,55.5,100.0
-0.0782222971320152,75.0,55.0,100.0
-0.0387240014970302,75.0,55.5,100.0
-0.0584730990231037,75.0,56.0,100.0
-0.0782222971320152,75.0,56.0,100.0
-0.0288494005799293,75.0,56.0,100.0
0.2377640008926391,75.5,55.5,100.0
-0.255964994430542,76.0,55.0,100.0
-0.1769679933786392,76.0,55.5,100.0
-0.137470006942749,76.0,56.0,100.0
0.178516998887062,76.0,55.5,100.0
-0.0782222971320152,76.0,55.0,100.0
0.1093949973583221,76.0,56.0,100.0
-0.0387240014970302,76.0,57.0,100.0
-0.1572189927101135,76.0,56.5,100.0
-0.1078459993004798,76.0,56.0,100.0
-0.1670929938554763,76.0,56.0,100.0
-0.0189747996628284,76.0,56.0,100.0
-0.2164659947156906,76.0,56.5,100.0
-0.1275950074195861,76.0,57.0,100.0
-0.137470006942749,76.0,56.5,100.0
0.119268998503685,76.0,56.0,100.0
-0.1473439931869506,75.5,56.5,100.0
-0.2263409942388534,75.0,57.0,100.0
-0.1177209988236427,75.0,56.5,100.0
0.119268998503685,75.0,56.0,100.0
-0.0091002704575657,75.0,56.0,100.0
-0.0782222971320152,75.0,56.0,100.0
-0.2362149953842163,75.0,56.5,100.0
0.1883910000324249,75.0,57.0,100.0
-0.4040830135345459,75.0,56.0,100.0
-0.0979714021086692,75.0,55.0,100.0
-0.1275950074195861,74.5,55.5,100.0
0.2278890013694763,74.0,56.0,100.0
-0.0189747996628284,74.0,56.0,100.0
-0.2954629957675934,74.0,56.0,100.0
-0.186842992901802,74.0,55.5,100.0
0.0896454006433487,74.0,55.0,100.0
-0.1177209988236427,74.0,55.5,100.0
-0.0485985986888408,74.0,56.0,100.0
0.0698963031172752,74.0,55.5,100.0
0.0303980000317096,74.0,55.0,100.0
-0.0584730990231037,74.0,55.5,100.0
-0.137470006942749,74.0,56.0,100.0
-0.2460899949073791,74.0,56.0,100.0
-0.0683476999402046,74.0,56.0,100.0
-0.0189747996628284,74.0,56.0,100.0
0.0995199978351593,74.0,56.0,100.0
-0.0387240014970302,74.0,56.0,100.0
-0.0782222971320152,74.0,56.0,100.0
-0.2460899949073791,74.0,55.5,100.0
0.0501471012830734,74.0,55.0,100.0
-0.2065919935703277,74.0,55.5,100.0
-0.0091002704575657,74.0,56.0,100.0
-0.186842992901802,74.0,56.0,100.0
-0.137470006942749,74.0,56.0,100.0
-0.1670929938554763,74.0,56.0,100.0
-0.1473439931869506,74.0,56.0,100.0
0.247639000415802,74.0,56.0,100.0
-0.1078459993004798,74.0,56.0,100.0
0.2180150002241134,74.0,55.5,100.0
0.4056319892406463,74.0,55.0,100.0
0.060021698474884,74.0,55.5,100.0
-0.1078459993004798,74.0,56.0,100.0
-0.2164659947156906,73.5,56.0,100.0
-0.0288494005799293,73.0,56.0,100.0
-0.0979714021086692,73.0,55.5,100.0
0.0995199978351593,73.0,55.0,100.0
-0.186842992901802,73.0,55.5,100.0
0.0205233991146087,73.0,56.0,100.0
0.9487329721450806,73.0,55.5,100.0
0.00077429699013,73.0,55.0,100.0
-0.3250870108604431,72.5,55.5,100.0
-0.2460899949073791,72.0,56.0,100.0
-0.0189747996628284,72.0,55.5,100.0
-0.2855879962444305,72.0,55.0,100.0
0.0995199978351593,72.0,55.0,100.0
-0.1572189927101135,72.0,55.0,100.0
-0.0189747996628284,72.5,55.5,100.0
-0.1769679933786392,73.0,56.0,100.0
0.0205233991146087,73.0,55.5,100.0
-0.1967169940471649,73.0,55.0,100.0
0.119268998503685,73.5,55.5,100.0
1.0474799871444702,74.0,56.0,100.0
-0.0683476999402046,74.0,56.0,100.0
-0.1572189927101135,74.0,56.0,100.0
-0.0683476999402046,74.0,56.0,100.0
-0.0584730990231037,74.0,56.0,100.0
-0.1670929938554763,73.5,56.0,100.0
0.0402726009488105,73.0,56.0,100.0
-0.1078459993004798,73.0,55.5,100.0
-0.088096797466278,73.0,55.0,100.0
-0.2263409942388534,72.5,55.5,100.0
-0.1078459993004798,72.0,56.0,100.0
-0.9965569972991944,72.0,55.5,100.0
-0.0485985986888408,72.0,55.0,100.0
-0.2362149953842163,72.0,55.0,100.0
-0.4238319993019104,72.0,55.0,100.0
0.3858830034732818,72.0,55.5,100.0
0.0896454006433487,72.0,56.0,100.0
-0.7299439907073975,77.0,55.5,100.0
0.504377007484436,82.0,55.0,100.0
-0.0288494005799293,82.0,55.5,100.0
-0.0091002704575657,82.0,56.0,100.0
-0.2757140100002289,83.0,55.5,100.0
-0.1670929938554763,84.0,55.0,100.0
-0.0979714021086692,81.5,55.0,100.0
0.0402726009488105,79.0,55.0,100.0
-0.1177209988236427,76.5,55.5,100.0
-0.1275950074195861,74.0,56.0,100.0
-0.3053370118141174,74.0,55.5,100.0
0.0995199978351593,74.0,55.0,100.0
0.1291439980268478,74.0,55.5,100.0
0.2377640008926391,74.0,56.0,100.0
-0.4830799996852875,74.0,56.0,100.0
-0.0979714021086692,74.0,56.0,100.0
-0.2263409942388534,74.0,56.0,100.0
0.376008003950119,74.0,56.0,100.0
-0.0979714021086692,74.0,56.5,100.0
0.4056319892406463,74.0,57.0,100.0
0.0797709003090858,74.0,56.0,100.0
-0.4534560143947601,74.0,55.0,100.0
-0.0189747996628284,74.5,56.0,100.0
-0.0584730990231037,75.0,57.0,100.0
0.1686419993638992,75.0,56.5,100.0
0.4550049901008606,75.0,56.0,100.0
-0.1769679933786392,75.0,56.0,100.0
-0.1967169940471649,75.0,56.0,100.0
-0.3942089974880218,74.0,56.5,100.0
-0.2362149953842163,73.0,57.0,100.0
-0.0782222971320152,72.5,56.5,100.0
0.119268998503685,72.0,56.0,100.0
0.1883910000324249,72.0,56.5,100.0
-0.0683476999402046,72.0,57.0,100.0
-0.897812008857727,77.0,56.5,100.0
0.0303980000317096,82.0,56.0,100.0
-0.1670929938554763,82.0,55.5,100.0
-0.3645850121974945,82.0,55.0,100.0
0.0797709003090858,76.5,55.5,100.0
-0.0288494005799293,71.0,56.0,100.0
-0.1572189927101135,71.0,55.5,100.0
-0.1967169940471649,71.0,55.0,100.0
-0.0782222971320152,71.0,55.5,100.0
-0.088096797466278,71.0,56.0,100.0
-0.2065919935703277,71.5,55.5,100.0
-0.2855879962444305,72.0,55.0,100.0
-0.1473439931869506,72.0,55.0,100.0
0.2575129866600036,72.0,55.0,100.0
-0.1275950074195861,72.0,55.5,100.0
0.178516998887062,72.0,56.0,100.0
-0.0683476999402046,72.0,55.5,100.0
0.0501471012830734,72.0,55.0,100.0
-0.384333997964859,72.0,55.5,100.0
0.0106488997116684,72.0,56.0,100.0
-0.137470006942749,72.5,55.5,100.0
0.1488929986953735,73.0,55.0,100.0
-0.0979714021086692,73.0,55.0,100.0
-0.0782222971320152,73.0,55.0,100.0
0.6031230092048645,73.0,55.5,100.0
0.1587669998407364,73.0,56.0,100.0
-0.1275950074195861,73.0,55.5,100.0
-0.6114490032196045,73.0,55.0,100.0
-0.0189747996628284,73.0,55.5,100.0
-0.0189747996628284,73.0,56.0,100.0
0.1488929986953735,73.0,56.0,100.0
-0.1473439931869506,73.0,56.0,100.0
-0.0584730990231037,73.0,55.5,100.0
-0.0387240014970302,73.0,55.0,100.0
0.1488929986953735,73.0,55.5,100.0
-0.0584730990231037,73.0,56.0,100.0
-0.2164659947156906,73.0,55.5,100.0
-0.088096797466278,73.0,55.0,100.0
0.1390179991722107,72.5,55.5,100.0
-0.0288494005799293,72.0,56.0,100.0
0.178516998887062,72.0,55.5,100.0
0.0995199978351593,72.0,55.0,100.0
-0.3547100126743316,71.5,55.0,100.0
-0.2263409942388534,71.0,55.0,100.0
0.119268998503685,71.5,56.0,100.0
-0.1473439931869506,72.0,57.0,100.0
-0.0979714021086692,73.0,58.0,100.0
-0.088096797466278,74.0,59.0,100.0
-0.0979714021086692,75.5,63.0,100.0
-0.088096797466278,77.0,67.0,100.0
-0.0387240014970302,80.0,70.0,100.0
0.0106488997116684,83.0,73.0,100.0
0.0106488997116684,87.0,76.0,100.0
-0.59170001745224,91.0,79.0,100.0
-0.0584730990231037,93.0,81.5,100.0
-0.0091002704575657,95.0,84.0,100.0
-0.2164659947156906,95.5,84.0,100.0
-0.0683476999402046,96.0,84.0,100.0
0.0205233991146087,96.5,84.0,100.0
0.2772620022296905,97.0,84.0,100.0
-0.0782222971320152,97.5,83.0,100.0
0.0106488997116684,98.0,82.0,100.0
-0.1177209988236427,98.5,82.5,100.0
-0.0288494005799293,99.0,83.0,100.0
-0.1078459993004798,100.0,83.5,100.0
-0.0683476999402046,101.0,84.0,100.0
0.3463839888572693,101.5,84.5,100.0
0.0501471012830734,102.0,85.0,100.0
-0.0091002704575657,102.5,86.5,100.0
-0.1078459993004798,103.0,88.0,100.0
1.0771000385284424,103.5,86.5,100.0
-0.0584730990231037,104.0,85.0,100.0
-0.0584730990231037,104.0,85.0,100.0
-0.4139580130577087,104.0,85.0,100.0
-0.186842992901802,103.5,84.5,100.0
-0.088096797466278,103.0,84.0,100.0
0.297010987997055,103.0,83.5,100.0
0.9191089868545532,103.0,83.0,100.0
-0.1967169940471649,103.0,84.0,100.0
0.119268998503685,103.0,85.0,100.0
-0.1769679933786392,102.5,83.5,100.0
-0.088096797466278,102.0,82.0,100.0
-0.2362149953842163,101.5,82.5,100.0
-0.1967169940471649,101.0,83.0,100.0
0.0205233991146087,100.5,83.0,100.0
-0.0189747996628284,100.0,83.0,100.0
-0.1769679933786392,100.0,82.0,100.0
-0.0387240014970302,100.0,81.0,100.0
-0.1572189927101135,100.0,81.5,100.0
-0.0782222971320152,100.0,82.0,100.0
-0.265839010477066,98.0,81.0,100.0
-0.0584730990231037,96.0,80.0,100.0
0.0698963031172752,93.5,80.0,100.0
-0.1769679933786392,91.0,80.0,100.0
-0.4040830135345459,88.5,79.5,100.0
-0.8385639786720276,86.0,79.0,100.0
-0.0485985986888408,84.5,78.5,100.0
0.3266350030899048,83.0,78.0,100.0
-0.0782222971320152,82.5,78.5,100.0
-0.0979714021086692,82.0,79.0,100.0
0.8006139993667603,82.0,78.0,100.0
-0.0387240014970302,82.0,77.0,100.0
-0.0979714021086692,83.0,77.5,100.0
-0.0288494005799293,84.0,78.0,100.0
0.0106488997116684,84.5,79.0,100.0
-0.1572189927101135,85.0,80.0,100.0
-0.0979714021086692,85.5,79.5,100.0
-0.2164659947156906,86.0,79.0,100.0
0.060021698474884,86.0,80.0,100.0
-0.0485985986888408,86.0,81.0,100.0
-0.1670929938554763,85.5,80.5,100.0
-0.0387240014970302,85.0,80.0,100.0
-0.0683476999402046,83.5,80.0,100.0
-0.2065919935703277,82.0,80.0,100.0
0.0797709003090858,81.0,80.5,100.0
-0.088096797466278,80.0,81.0,100.0
0.3365100026130676,79.5,80.5,100.0
0.0698963031172752,79.0,80.0,100.0
-0.0979714021086692,79.0,81.0,100.0
1.1462199687957764,79.0,82.0,100.0
0.1982659995555877,79.0,81.5,100.0
-0.0683476999402046,79.0,81.0,100.0
0.1390179991722107,79.0,81.0,100.0
-0.5719509720802307,79.0,81.0,100.0
-0.0189747996628284,79.5,81.5,100.0
-0.0979714021086692,80.0,82.0,100.0
-0.1078459993004798,80.0,81.5,100.0
-0.0584730990231037,80.0,81.0,100.0
-0.0584730990231037,80.5,81.5,100.0
0.060021698474884,81.0,82.0,100.0
-0.088096797466278,80.5,81.0,100.0
-0.3152120113372803,80.0,80.0,100.0
0.0205233991146087,79.5,79.5,100.0
-0.0584730990231037,79.0,79.0,100.0
-0.1078459993004798,79.0,79.0,100.0
-0.0189747996628284,79.0,79.0,100.0
-0.0979714021086692,78.0,78.0,100.0
-0.0683476999402046,77.0,77.0,100.0
-0.0091002704575657,77.0,77.0,100.0
0.1093949973583221,77.0,77.0,100.0
-0.1177209988236427,77.0,76.0,100.0
-0.0387240014970302,77.0,75.0,100.0
-0.1275950074195861,76.5,74.5,100.0
0.119268998503685,76.0,74.0,100.0
-0.0782222971320152,75.5,74.5,100.0
-0.0091002704575657,75.0,75.0,100.0
-0.137470006942749,75.0,74.5,100.0
0.0303980000317096,75.0,74.0,100.0
-0.186842992901802,75.0,74.5,100.0
-0.0979714021086692,75.0,75.0,100.0
-0.1769679933786392,75.0,75.0,100.0
0.0896454006433487,75.0,75.0,100.0
-0.1078459993004798,75.0,75.0,100.0
-0.0091002704575657,75.0,75.0,100.0
-0.0189747996628284,75.0,75.5,100.0
0.119268998503685,75.0,76.0,100.0
-0.0979714021086692,74.5,75.5,100.0
-0.6410729885101318,74.0,75.0,100.0
0.6524959802627563,74.0,76.0,100.0
-0.0584730990231037,74.0,77.0,100.0
0.7314929962158203,73.5,76.5,100.0
-0.0782222971320152,73.0,76.0,100.0
-0.0782222971320152,73.0,75.5,100.0
-0.1078459993004798,73.0,75.0,100.0
-0.0683476999402046,72.5,75.0,100.0
0.0995199978351593,72.0,75.0,100.0
-0.3942089974880218,71.5,74.0,100.0
-0.2460899949073791,71.0,73.0,100.0
-0.0979714021086692,70.5,73.0,100.0
-0.088096797466278,70.0,73.0,100.0
-0.1275950074195861,69.5,72.5,100.0
-0.0387240014970302,69.0,72.0,100.0
0.0995199978351593,69.0,71.5,100.0
-0.1177209988236427,69.0,71.0,100.0
-0.0387240014970302,69.0,71.5,100.0
0.060021698474884,69.0,72.0,100.0
-0.255964994430542,69.0,71.5,100.0
-0.1275950074195861,69.0,71.0,100.0
0.1093949973583221,69.0,72.0,100.0
-0.0485985986888408,69.0,73.0,100.0
-0.1177209988236427,69.0,73.0,100.0
-0.0091002704575657,69.0,73.0,100.0
1.126479983329773,69.0,73.5,100.0
-0.0683476999402046,69.0,74.0,100.0
-0.0782222971320152,69.0,74.5,100.0
0.060021698474884,69.0,75.0,100.0
-0.1670929938554763,68.5,74.0,100.0
-0.0584730990231037,68.0,73.0,100.0
-0.0683476999402046,68.0,73.0,100.0
-0.0584730990231037,68.0,73.0,100.0
-0.0288494005799293,67.0,72.5,100.0
-0.1078459993004798,66.0,72.0,100.0
-0.1078459993004798,66.0,71.5,100.0
-0.0683476999402046,66.0,71.0,100.0
0.0402726009488105,66.0,71.0,100.0
0.1291439980268478,66.0,71.0,100.0
0.119268998503685,65.5,70.5,100.0
-0.1078459993004798,65.0,70.0,100.0
-0.1177209988236427,65.0,70.0,100.0
-0.0288494005799293,65.0,70.0,100.0
-0.0683476999402046,64.5,70.0,100.0
-0.1967169940471649,64.0,70.0,100.0
-0.088096797466278,63.5,70.0,100.0
-0.0485985986888408,63.0,70.0,100.0
-0.0683476999402046,63.0,70.5,100.0
-0.0288494005799293,63.0,71.0,100.0
-0.3942089974880218,62.5,70.5,100.0
-0.0485985986888408,62.0,70.0,100.0
-0.2460899949073791,62.0,70.0,100.0
-0.088096797466278,62.0,70.0,100.0
0.8894860148429871,62.0,70.0,100.0
-0.0485985986888408,62.0,70.0,100.0
0.0106488997116684,62.0,69.5,100.0
-0.0288494005799293,62.0,69.0,100.0
-0.0979714021086692,62.0,69.5,100.0
-0.0584730990231037,62.0,70.0,100.0
-0.1275950074195861,62.0,69.0,100.0
-0.0288494005799293,62.0,68.0,100.0
0.3562589883804321,62.0,68.5,100.0
0.0896454006433487,62.0,69.0,100.0
0.1982659995555877,62.0,68.5,100.0
0.2278890013694763,62.0,68.0,100.0
-0.1670929938554763,61.5,68.0,100.0
-0.1769679933786392,61.0,68.0,100.0
-0.0979714021086692,61.5,68.5,100.0
-0.0584730990231037,62.0,69.0,100.0
-0.1473439931869506,62.0,68.5,100.0
-0.0683476999402046,62.0,68.0,100.0
-0.1078459993004798,62.0,68.0,100.0
-0.255964994430542,62.0,68.0,100.0
-0.0782222971320152,62.0,68.0,100.0
-0.0485985986888408,62.0,68.0,100.0
-0.5423269867897034,62.0,67.5,100.0
-0.1473439931869506,62.0,67.0,100.0
-0.0485985986888408,62.0,67.5,100.0
-0.0387240014970302,62.0,68.0,100.0
-0.0782222971320152,61.5,68.0,100.0
-0.0683476999402046,61.0,68.0,100.0
-0.0584730990231037,60.5,67.5,100.0
-0.0485985986888408,60.0,67.0,100.0
-0.088096797466278,60.0,67.0,100.0
-0.0584730990231037,60.0,67.0,100.0
-0.0683476999402046,59.5,66.5,100.0
-0.0387240014970302,59.0,66.0,100.0
-0.186842992901802,58.5,66.0,100.0
-0.0189747996628284,58.0,66.0,100.0
-0.1177209988236427,58.5,66.0,100.0
-0.3250870108604431,59.0,66.0,100.0
0.1488929986953735,59.0,66.0,100.0
-0.1275950074195861,59.0,66.0,100.0
-0.0189747996628284,58.5,66.0,100.0
-0.1078459993004798,58.0,66.0,100.0
-0.1275950074195861,58.0,66.0,100.0
0.0303980000317096,58.0,66.0,100.0
0.178516998887062,58.0,66.0,100.0
-0.0189747996628284,58.0,66.0,100.0
0.1291439980268478,57.5,66.0,100.0
0.2871370017528534,57.0,66.0,100.0
0.247639000415802,57.0,66.5,100.0
0.2081400007009506,57.0,67.0,100.0
0.119268998503685,57.5,67.0,100.0
-0.1177209988236427,58.0,67.0,100.0
0.060021698474884,58.5,67.0,100.0
-0.0782222971320152,59.0,67.0,100.0
-0.2263409942388534,59.5,67.5,100.0
-0.1572189927101135,60.0,68.0,100.0
0.0402726009488105,60.0,67.5,100.0
-0.1572189927101135,60.0,67.0,100.0
0.119268998503685,60.5,67.0,100.0
0.1686419993638992,61.0,67.0,100.0
0.0303980000317096,60.5,66.5,100.0
0.0698963031172752,60.0,66.0,100.0
-0.1473439931869506,59.5,65.5,100.0
-0.088096797466278,59.0,65.0,100.0
-0.0485985986888408,58.5,66.0,100.0
-0.0288494005799293,58.0,67.0,100.0
-0.186842992901802,57.5,67.0,100.0
-0.1572189927101135,57.0,67.0,100.0
0.701869010925293,57.5,67.0,100.0
1.3140900135040283,58.0,67.0,100.0
1.1363500356674194,58.0,67.5,100.0
0.119268998503685,58.0,68.0,100.0
-0.1177209988236427,58.0,68.0,100.0
-0.2065919935703277,58.0,68.0,100.0
-0.0387240014970302,58.0,68.5,100.0
-0.1572189927101135,58.0,69.0,100.0
-0.1769679933786392,58.5,69.0,100.0
-0.0782222971320152,59.0,69.0,100.0
-0.0584730990231037,59.0,69.5,100.0
0.9586079716682434,59.0,70.0,100.0
-0.1473439931869506,59.0,70.0,100.0
-0.2460899949073791,59.0,70.0,100.0
0.0402726009488105,59.5,70.5,100.0
-0.0584730990231037,60.0,71.0,100.0
0.0106488997116684,60.5,71.5,100.0
0.0698963031172752,61.0,72.0,100.0
0.2278890013694763,61.5,72.0,100.0
0.1488929986953735,62.0,72.0,100.0
0.00077429699013,62.0,72.5,100.0
-0.0584730990231037,62.0,73.0,100.0
-0.088096797466278,62.0,73.0,100.0
-0.1769679933786392,62.0,73.0,100.0
-0.0584730990231037,62.5,73.0,100.0
-0.0782222971320152,63.0,73.0,100.0
0.0402726009488105,63.0,74.0,100.0
-0.1769679933786392,63.0,75.0,100.0
1.0573500394821167,63.5,75.0,100.0
-0.0584730990231037,64.0,75.0,100.0
-0.0189747996628284,64.0,75.5,100.0
0.0501471012830734,64.0,76.0,100.0
0.2772620022296905,64.0,76.0,100.0
-0.2065919935703277,64.0,76.0,100.0
-0.1078459993004798,64.5,76.0,100.0
-0.0683476999402046,65.0,76.0,100.0
-0.0979714021086692,64.5,76.0,100.0
-0.088096797466278,64.0,76.0,100.0
-0.0979714021086692,64.0,75.5,100.0
-0.0485985986888408,64.0,75.0,100.0
0.9882310032844543,64.0,75.0,100.0
-0.0584730990231037,64.0,75.0,100.0
-0.0584730990231037,64.0,75.5,100.0
0.00077429699013,64.0,76.0,100.0
0.2278890013694763,64.5,75.5,100.0
0.2081400007009506,65.0,75.0,100.0
-0.0683476999402046,65.0,75.0,100.0
-0.1078459993004798,65.0,75.0,100.0
-0.186842992901802,64.5,74.5,100.0
-0.0683476999402046,64.0,74.0,100.0
-0.0189747996628284,64.0,74.5,100.0
-0.1078459993004798,64.0,75.0,100.0
-0.2263409942388534,64.5,75.0,100.0
-0.1177209988236427,65.0,75.0,100.0
0.0205233991146087,65.0,75.0,100.0
0.1982659995555877,65.0,75.0,100.0
0.0106488997116684,65.0,75.5,100.0
-0.1275950074195861,65.0,76.0,100.0
-0.1572189927101135,65.0,75.5,100.0
-0.0387240014970302,65.0,75.0,100.0
0.0205233991146087,65.0,75.5,100.0
-0.1967169940471649,65.0,76.0,100.0
0.1093949973583221,65.0,76.0,100.0
-0.088096797466278,65.0,76.0,100.0
-0.0683476999402046,65.0,75.5,100.0
-0.0288494005799293,65.0,75.0,100.0
-0.1177209988236427,64.5,75.0,100.0
0.0106488997116684,64.0,75.0,100.0
0.119268998503685,64.0,74.0,100.0
0.4253810048103332,64.0,73.0,100.0
-0.0979714021086692,64.0,73.5,100.0
-0.088096797466278,64.0,74.0,100.0
-0.1275950074195861,68.0,73.5,100.0
-0.1670929938554763,72.0,73.0,100.0
-0.0584730990231037,72.0,73.0,100.0
-0.0782222971320152,72.0,73.0,100.0
0.0106488997116684,69.5,73.5,100.0
-0.0979714021086692,67.0,74.0,100.0
1.333840012550354,65.0,74.0,100.0
-0.0584730990231037,63.0,74.0,100.0
-0.0387240014970302,63.5,74.0,100.0
0.0402726009488105,64.0,74.0,100.0
0.2081400007009506,64.0,74.5,100.0
-0.0683476999402046,64.0,75.0,100.0
-0.0584730990231037,64.0,75.0,100.0
-0.0683476999402046,64.0,75.0,100.0
-0.1078459993004798,64.0,75.0,100.0
-0.0782222971320152,64.0,75.0,100.0
-0.0288494005799293,64.5,75.0,100.0
-0.088096797466278,65.0,75.0,100.0
-0.1177209988236427,65.0,75.0,100.0
-0.0485985986888408,65.0,75.0,100.0
0.0698963031172752,65.0,75.0,100.0
0.1488929986953735,65.0,75.0,100.0
-0.0485985986888408,65.0,75.0,100.0
-0.0584730990231037,65.0,75.0,100.0
-0.0979714021086692,65.5,75.0,100.0
0.00077429699013,66.0,75.0,100.0
-0.0782222971320152,66.0,75.0,100.0
-0.0584730990231037,66.0,75.0,100.0
0.0797709003090858,66.0,75.0,100.0
0.1587669998407364,66.0,75.0,100.0
-0.0979714021086692,66.5,75.5,100.0
-0.1177209988236427,67.0,76.0,100.0
0.0106488997116684,67.5,76.0,100.0
1.1363500356674194,68.0,76.0,100.0
-0.0683476999402046,68.0,76.5,100.0
-0.0189747996628284,68.0,77.0,100.0
-0.2362149953842163,68.0,76.0,100.0
-0.1177209988236427,68.0,75.0,100.0
-0.0782222971320152,68.0,75.5,100.0
-0.0584730990231037,68.0,76.0,100.0
0.0106488997116684,68.0,75.5,100.0
-0.2065919935703277,68.0,75.0,100.0
0.00077429699013,68.0,75.0,100.0
0.2278890013694763,68.0,75.0,100.0
-0.0683476999402046,68.0,75.0,100.0
-0.0683476999402046,68.0,75.0,100.0
-0.1769679933786392,67.5,74.5,100.0
-0.0683476999402046,67.0,74.0,100.0
-0.0091002704575657,66.5,74.0,100.0
-0.0782222971320152,66.0,74.0,100.0
-0.186842992901802,66.0,73.5,100.0
-0.1473439931869506,66.0,73.0,100.0
0.0106488997116684,66.0,73.0,100.0
-0.0387240014970302,66.0,73.0,100.0
-0.0189747996628284,65.0,73.5,100.0
0.0995199978351593,64.0,74.0,100.0
-0.0979714021086692,63.5,74.0,100.0
0.297010987997055,63.0,74.0,100.0
0.1982659995555877,62.5,74.5,100.0
-0.0485985986888408,62.0,75.0,100.0
-0.1670929938554763,62.0,75.5,100.0
-0.1769679933786392,62.0,76.0,100.0
-0.088096797466278,62.5,76.5,100.0
0.0402726009488105,63.0,77.0,100.0
-0.0782222971320152,63.0,77.5,100.0
-0.2065919935703277,63.0,78.0,100.0
-0.1473439931869506,62.5,78.0,100.0
-0.0387240014970302,62.0,78.0,100.0
-0.137470006942749,62.0,78.0,100.0
-0.0683476999402046,62.0,78.0,100.0
-0.1572189927101135,61.5,78.0,100.0
-0.1572189927101135,61.0,78.0,100.0
-0.0683476999402046,60.5,77.5,100.0
-0.0683476999402046,60.0,77.0,100.0
-0.137470006942749,59.5,77.0,100.0
-0.0782222971320152,59.0,77.0,100.0
-0.0979714021086692,59.0,77.0,100.0
-0.0683476999402046,59.0,77.0,100.0
-0.0683476999402046,59.0,77.0,100.0
-0.0189747996628284,59.0,77.0,100.0
0.00077429699013,58.5,76.5,100.0
0.2278890013694763,58.0,76.0,100.0
0.2772620022296905,58.0,75.5,100.0
0.3957569897174835,58.0,75.0,100.0
0.2278890013694763,57.5,75.5,100.0
0.1390179991722107,57.0,76.0,100.0
-0.0387240014970302,57.5,76.5,100.0
-0.088096797466278,58.0,77.0,100.0
-0.0091002704575657,58.5,77.5,100.0
-0.0683476999402046,59.0,78.0,100.0
-0.137470006942749,59.5,78.0,100.0
-0.1967169940471649,60.0,78.0,100.0
-0.0189747996628284,60.0,78.0,100.0
-0.0485985986888408,60.0,78.0,100.0
-0.088096797466278,60.0,78.0,100.0
-0.1670929938554763,60.0,78.0,100.0
-0.088096797466278,60.0,78.0,100.0
-0.1177209988236427,60.0,78.0,100.0
-0.0683476999402046,60.5,78.5,100.0
-0.088096797466278,61.0,79.0,100.0
-0.0189747996628284,61.0,79.0,100.0
-0.255964994430542,61.0,79.0,100.0
0.00077429699013,61.0,79.0,100.0
-0.1473439931869506,61.0,79.0,100.0
-0.1177209988236427,60.5,79.0,100.0
-0.2263409942388534,60.0,79.0,100.0
-0.2065919935703277,60.0,78.0,100.0
0.0106488997116684,60.0,77.0,100.0
-0.0683476999402046,59.5,77.0,100.0
-0.1967169940471649,59.0,77.0,100.0
-0.1670929938554763,58.5,76.5,100.0
0.1291439980268478,58.0,76.0,100.0
0.2673879861831665,58.0,76.0,100.0
0.3562589883804321,58.0,76.0,100.0
0.1488929986953735,58.0,76.0,100.0
0.060021698474884,58.0,76.0,100.0
-0.1275950074195861,58.0,75.5,100.0
0.3661330044269562,58.0,75.0,100.0
-0.0485985986888408,58.0,74.5,100.0
0.0205233991146087,58.0,74.0,100.0
-0.0288494005799293,57.5,74.0,100.0
-0.3053370118141174,57.0,74.0,100.0
0.0106488997116684,56.5,73.0,100.0
-0.0683476999402046,56.0,72.0,100.0
-0.1275950074195861,55.5,71.5,100.0
-0.088096797466278,55.0,71.0,100.0
0.2081400007009506,55.0,71.0,100.0
0.4155060052871704,55.0,71.0,100.0
0.0501471012830734,55.0,71.0,100.0
-0.0584730990231037,55.0,71.0,100.0
-0.384333997964859,55.0,71.0,100.0
-0.2362149953842163,55.0,71.0,100.0
0.00077429699013,55.5,71.0,100.0
-0.088096797466278,56.0,71.0,100.0
-0.0584730990231037,56.5,72.0,100.0
-0.1769679933786392,57.0,73.0,100.0
1.3733400106430054,57.5,73.0,100.0
0.0896454006433487,58.0,73.0,100.0
-0.1177209988236427,58.0,73.5,100.0
-0.2460899949073791,58.0,74.0,100.0
-0.0782222971320152,58.0,74.0,100.0
0.1488929986953735,58.0,74.0,100.0
0.0402726009488105,58.0,74.5,100.0
-0.0979714021086692,58.0,75.0,100.0
-0.1967169940471649,58.0,75.0,100.0
-0.0288494005799293,58.0,75.0,100.0
-0.088096797466278,58.0,75.5,100.0
-0.1177209988236427,58.0,76.0,100.0
-0.3053370118141174,58.0,76.0,100.0
0.0501471012830734,58.0,76.0,100.0
-0.0683476999402046,58.0,76.0,100.0
-0.1078459993004798,58.0,76.0,100.0
-0.3152120113372803,57.5,76.0,100.0
-0.0683476999402046,57.0,76.0,100.0
0.3167609870433807,57.0,76.0,100.0
0.2871370017528534,57.0,76.0,100.0
0.1093949973583221,57.0,76.0,100.0
-0.0979714021086692,57.0,76.0,100.0
0.2081400007009506,57.0,76.0,100.0
-0.0387240014970302,57.0,76.0,100.0
-0.0683476999402046,57.0,76.0,100.0
1.2153500318527222,57.0,76.0,100.0
-0.0189747996628284,57.0,76.0,100.0
0.00077429699013,57.0,76.0,100.0
-0.0683476999402046,56.5,76.0,100.0
-0.2164659947156906,56.0,76.0,100.0
-0.0091002704575657,56.0,75.5,100.0
-0.0979714021086692,56.0,75.0,100.0
-0.0979714021086692,56.0,75.5,100.0
-0.2757140100002289,56.0,76.0,100.0
-0.1670929938554763,56.0,75.5,100.0
-0.0584730990231037,56.0,75.0,100.0
0.0501471012830734,56.0,75.5,100.0
0.2377640008926391,56.0,76.0,100.0
-0.0485985986888408,56.0,76.0,100.0
0.297010987997055,56.0,76.0,100.0
0.0501471012830734,56.5,76.5,100.0
-0.0189747996628284,57.0,77.0,100.0
-0.1572189927101135,57.0,77.0,100.0
0.060021698474884,57.0,77.0,100.0
-0.0584730990231037,57.0,77.0,100.0
-0.0683476999402046,57.0,77.0,100.0
-0.265839010477066,57.5,77.0,100.0
1.0771000385284424,58.0,77.0,100.0
-0.0189747996628284,58.0,77.0,100.0
-0.137470006942749,58.0,77.0,100.0
-0.2065919935703277,57.5,77.5,100.0
-0.1078459993004798,57.0,78.0,100.0
0.0303980000317096,57.0,77.5,100.0
-0.0584730990231037,57.0,77.0,100.0
-0.0683476999402046,57.0,77.5,100.0
-0.2855879962444305,57.0,78.0,100.0
0.0797709003090858,57.5,77.5,100.0
-0.1078459993004798,58.0,77.0,100.0
-0.0683476999402046,58.0,77.5,100.0
-0.0979714021086692,58.0,78.0,100.0
-0.2164659947156906,58.0,77.5,100.0
-0.0584730990231037,58.0,77.0,100.0
-0.1078459993004798,58.0,77.0,100.0
-0.2460899949073791,58.0,77.0,100.0
-0.2263409942388534,58.0,76.5,100.0
-0.0683476999402046,58.0,76.0,100.0
-0.1572189927101135,58.0,76.5,100.0
-0.1769679933786392,58.0,77.0,100.0
-0.2460899949073791,58.0,77.0,100.0
0.1291439980268478,58.0,77.0,100.0
-0.0584730990231037,58.0,77.5,100.0
-0.0584730990231037,58.0,78.0,100.0
-0.265839010477066,58.0,78.0,100.0
0.0501471012830734,58.0,78.0,100.0
-0.088096797466278,58.0,78.5,100.0
-0.0782222971320152,58.0,79.0,100.0
-0.2263409942388534,58.5,79.5,100.0
-0.0782222971320152,59.0,80.0,100.0
0.0303980000317096,59.0,80.0,100.0
0.2081400007009506,59.0,80.0,100.0
0.2575129866600036,59.0,80.0,100.0
0.1587669998407364,59.0,80.0,100.0
0.3463839888572693,59.0,79.5,100.0
0.2575129866600036,59.0,79.0,100.0
0.2871370017528534,59.0,79.0,100.0
0.0797709003090858,59.0,79.0,100.0
0.4648790061473846,59.0,78.5,100.0
0.1291439980268478,59.0,78.0,100.0
-0.0584730990231037,59.0,78.5,100.0
-0.2460899949073791,59.0,79.0,100.0
-0.0387240014970302,59.5,79.5,100.0
-0.0683476999402046,60.0,80.0,100.0
-0.0782222971320152,60.5,80.5,100.0
-0.265839010477066,61.0,81.0,100.0
-0.2164659947156906,61.5,81.0,100.0
-0.0979714021086692,62.0,81.0,100.0
-0.088096797466278,62.0,82.0,100.0
-0.137470006942749,62.0,83.0,100.0
-0.255964994430542,62.0,82.5,100.0
-0.0485985986888408,62.0,82.0,100.0
-0.1078459993004798,61.5,82.0,100.0
-0.2362149953842163,61.0,82.0,100.0
-0.1473439931869506,61.0,81.5,100.0
0.1291439980268478,61.0,81.0,100.0
-0.1078459993004798,61.0,81.0,100.0
1.0573500394821167,61.0,81.0,100.0
0.4352549910545349,61.0,81.0,100.0
0.8203639984130859,61.0,81.0,100.0
1.2844699621200562,61.5,81.0,100.0
0.8006139993667603,62.0,81.0,100.0
0.0402726009488105,61.5,81.0,100.0
-0.186842992901802,61.0,81.0,100.0
-0.1275950074195861,60.5,80.5,100.0
-0.0288494005799293,60.0,80.0,100.0
-0.0584730990231037,59.5,80.5,100.0
-0.1967169940471649,59.0,81.0,100.0
-0.2263409942388534,58.0,80.5,100.0
-0.0683476999402046,57.0,80.0,100.0
-0.0584730990231037,57.0,79.0,100.0
-0.0782222971320152,57.0,78.0,100.0
-0.1769679933786392,57.0,77.0,100.0
-0.137470006942749,57.0,76.0,100.0
-0.2065919935703277,57.0,76.5,100.0
-0.255964994430542,57.0,77.0,100.0
-0.0782222971320152,58.0,77.5,100.0
0.1093949973583221,59.0,78.0,100.0
-0.1572189927101135,60.5,79.5,100.0
-0.0485985986888408,62.0,81.0,100.0
-0.1275950074195861,63.0,81.5,100.0
0.1390179991722107,64.0,82.0,100.0
0.2673879861831665,64.5,81.5,100.0
0.0205233991146087,65.0,81.0,100.0
-0.2164659947156906,65.0,80.0,100.0
0.0106488997116684,65.0,79.0,100.0
-0.0485985986888408,64.5,79.0,100.0
-0.2164659947156906,64.0,79.0,100.0
-0.3152120113372803,64.5,78.5,100.0
-0.1473439931869506,65.0,78.0,100.0
-0.0683476999402046,66.0,78.5,100.0
-0.0584730990231037,67.0,79.0,100.0
0.7907400131225586,68.5,79.5,100.0
-0.2065919935703277,70.0,80.0,100.0
0.3068859875202179,70.5,81.0,100.0
-0.0782222971320152,71.0,82.0,100.0
-0.0584730990231037,71.5,82.5,100.0
-0.1967169940471649,72.0,83.0,100.0
0.0205233991146087,72.0,83.0,100.0
0.1686419993638992,72.0,83.0,100.0
-0.1078459993004798,71.5,82.5,100.0
-0.2263409942388534,71.0,82.0,100.0
-0.0091002704575657,70.5,81.5,100.0
-0.0782222971320152,70.0,81.0,100.0
-0.137470006942749,69.5,81.0,100.0
0.1488929986953735,69.0,81.0,100.0
-0.2757140100002289,69.5,80.5,100.0
-0.1572189927101135,70.0,80.0,100.0
-0.0683476999402046,70.5,80.5,100.0
-0.088096797466278,71.0,81.0,100.0
-0.384333997964859,72.0,81.0,100.0
-0.0584730990231037,73.0,81.0,100.0
0.0501471012830734,74.5,81.5,100.0
-0.1275950074195861,76.0,82.0,100.0
-0.2855879962444305,76.0,81.5,100.0
0.0797709003090858,76.0,81.0,100.0
-0.0979714021086692,76.5,81.0,100.0
-0.1670929938554763,77.0,81.0,100.0
-0.0979714021086692,77.5,81.0,100.0
-0.1177209988236427,78.0,81.0,100.0
-0.0387240014970302,78.5,81.0,100.0
-0.186842992901802,79.0,81.0,100.0
-0.0288494005799293,79.0,81.0,100.0
-0.2757140100002289,79.0,81.0,100.0
-0.0683476999402046,78.5,81.0,100.0
0.1390179991722107,78.0,81.0,100.0
-0.0288494005799293,78.0,81.0,100.0
-0.2164659947156906,78.0,81.0,100.0
0.0106488997116684,78.5,81.5,100.0
0.9783570170402528,79.0,82.0,100.0
0.119268998503685,80.0,82.5,100.0
-0.2263409942388534,81.0,83.0,100.0
-0.1275950074195861,81.5,83.5,100.0
-0.088096797466278,82.0,84.0,100.0
-0.1670929938554763,82.0,84.5,100.0
-0.0387240014970302,82.0,85.0,100.0
-0.3448359966278076,82.0,85.0,100.0
1.3239699602127075,82.0,85.0,100.0
0.0402726009488105,82.0,85.5,100.0
-0.2065919935703277,82.0,86.0,100.0
0.1291439980268478,82.0,85.5,100.0
0.178516998887062,82.0,85.0,100.0
-0.1473439931869506,81.5,85.5,100.0
1.2844699621200562,81.0,86.0,100.0
-0.1275950074195861,80.5,85.5,100.0
-0.0683476999402046,80.0,85.0,100.0
0.8401129841804504,79.5,85.5,100.0
0.060021698474884,79.0,86.0,100.0
-0.1670929938554763,79.0,86.5,100.0
-0.2065919935703277,79.0,87.0,100.0
-0.1275950074195861,79.0,87.0,100.0
0.0106488997116684,79.0,87.0,100.0
-0.1473439931869506,78.5,86.5,100.0
0.0797709003090858,78.0,86.0,100.0
0.0797709003090858,77.5,85.5,100.0
-0.0979714021086692,77.0,85.0,100.0
-0.1572189927101135,76.5,85.0,100.0
-0.2362149953842163,76.0,85.0,100.0
0.060021698474884,76.5,85.0,100.0
-0.0584730990231037,77.0,85.0,100.0
-0.2065919935703277,77.0,85.66666666666667,100.0
-0.137470006942749,77.0,86.33333333333333,100.0
-0.0288494005799293,77.0,87.0,100.0
-0.0584730990231037,77.0,87.0,100.0
1.0573500394821167,77.0,87.0,100.0
-0.0387240014970302,76.5,87.5,100.0
-0.2065919935703277,76.0,88.0,100.0
-0.0782222971320152,75.5,86.5,100.0
-0.0485985986888408,75.0,85.0,100.0
-0.1572189927101135,74.0,85.0,100.0
-0.0683476999402046,73.0,85.0,100.0
0.2575129866600036,73.0,84.5,100.0
-0.1177209988236427,73.0,84.0,100.0
-0.186842992901802,72.5,84.0,100.0
-0.1078459993004798,72.0,84.0,100.0
0.2377640008926391,72.0,83.5,100.0
-0.0979714021086692,72.0,83.0,100.0
-0.137470006942749,72.0,84.0,100.0
-0.0979714021086692,72.0,85.0,100.0
0.1291439980268478,73.0,85.0,100.0
-0.0485985986888408,74.0,85.0,100.0
0.0303980000317096,74.0,85.0,100.0
-0.0683476999402046,74.0,85.0,100.0
0.0402726009488105,74.0,84.5,100.0
-0.0683476999402046,74.0,84.0,100.0
-0.0782222971320152,74.0,84.0,100.0
-0.1275950074195861,74.0,84.0,100.0
-0.0387240014970302,73.5,84.0,100.0
0.2180150002241134,73.0,84.0,100.0
-0.088096797466278,73.0,83.5,100.0
-0.0782222971320152,73.0,83.0,100.0
-0.186842992901802,73.0,83.0,100.0
-0.1177209988236427,73.0,83.0,100.0
0.1291439980268478,72.5,82.5,100.0
-0.088096797466278,72.0,82.0,100.0
-0.0979714021086692,72.0,82.0,100.0
-0.1572189927101135,72.0,82.0,100.0
0.0797709003090858,71.5,81.5,100.0
0.247639000415802,71.0,81.0,100.0
-0.1275950074195861,71.0,81.5,100.0
-0.1769679933786392,71.0,82.0,100.0
-0.0782222971320152,71.5,82.0,100.0
-0.0979714021086692,72.0,82.0,100.0
0.1488929986953735,71.5,82.0,100.0
-0.1473439931869506,71.0,82.0,100.0
-0.0584730990231037,71.0,81.5,100.0
-0.0584730990231037,71.0,81.0,100.0
-0.0091002704575657,71.0,81.0,100.0
-0.1275950074195861,71.0,81.0,100.0
-0.1275950074195861,70.0,80.5,100.0
0.0303980000317096,69.0,80.0,100.0
-0.1177209988236427,68.5,79.5,100.0
-0.186842992901802,68.0,79.0,100.0
-0.186842992901802,68.0,79.0,100.0
-0.0189747996628284,68.0,79.0,100.0
0.119268998503685,69.0,79.5,100.0
-0.088096797466278,70.0,80.0,100.0
-0.1769679933786392,70.5,81.0,100.0
-0.0387240014970302,71.0,82.0,100.0
0.1390179991722107,72.0,82.0,100.0
-0.1275950074195861,73.0,82.0,100.0
0.0402726009488105,73.5,82.5,100.0
-0.0683476999402046,74.0,83.0,100.0
-0.0782222971320152,74.5,83.0,100.0
-0.0288494005799293,75.0,83.0,100.0
-0.1078459993004798,75.0,83.5,100.0
0.1587669998407364,75.0,84.0,100.0
-0.0683476999402046,75.5,83.5,100.0
1.1561000347137451,76.0,83.0,100.0
0.0303980000317096,76.5,83.5,100.0
-0.1769679933786392,77.0,84.0,100.0
-0.0782222971320152,77.0,84.5,100.0
-0.0782222971320152,77.0,85.0,100.0
-0.0189747996628284,76.5,85.0,100.0
1.3239699602127075,76.0,85.0,100.0
-0.1078459993004798,74.5,84.0,100.0
0.00077429699013,73.0,83.0,100.0
0.1488929986953735,71.5,82.0,100.0
-0.2263409942388534,70.0,81.0,100.0
-0.0387240014970302,69.0,80.0,100.0
-0.0584730990231037,68.0,79.0,100.0
0.0205233991146087,67.5,79.0,100.0
-0.2757140100002289,67.0,79.0,100.0
-0.1473439931869506,67.0,79.0,100.0
0.1390179991722107,67.0,79.0,100.0
0.00077429699013,67.5,78.5,100.0
-0.186842992901802,68.0,78.0,100.0
-0.137470006942749,67.5,77.5,100.0
-0.0683476999402046,67.0,77.0,100.0
-0.186842992901802,67.0,76.5,100.0
-0.0782222971320152,67.0,76.0,100.0
-0.1177209988236427,66.0,76.0,100.0
-0.088096797466278,65.0,76.0,100.0
-0.0782222971320152,64.5,75.0,100.0
-0.1078459993004798,64.0,74.0,100.0
-0.0189747996628284,63.5,74.0,100.0
0.0698963031172752,63.0,74.0,100.0
-0.0485985986888408,63.5,74.0,100.0
-0.0782222971320152,64.0,74.0,100.0
-0.0584730990231037,64.5,75.0,100.0
-0.0485985986888408,65.0,76.0,100.0
0.1390179991722107,66.0,76.0,100.0
-0.0584730990231037,67.0,76.0,100.0
0.0205233991146087,67.0,76.5,100.0
0.1488929986953735,67.0,77.0,100.0
0.3167609870433807,67.0,77.0,100.0
-0.0683476999402046,67.0,77.0,100.0
-0.1177209988236427,67.0,77.0,100.0
-0.088096797466278,67.0,77.0,100.0
-0.2263409942388534,66.5,76.5,100.0
-0.0683476999402046,66.0,76.0,100.0
-0.0584730990231037,65.0,75.5,100.0
-0.1275950074195861,64.0,75.0,100.0
-0.3250870108604431,63.5,75.0,100.0
0.0402726009488105,63.0,75.0,100.0
0.1982659995555877,63.5,74.5,100.0
-0.1177209988236427,64.0,74.0,100.0
-0.186842992901802,64.5,74.5,100.0
-0.1177209988236427,65.0,75.0,100.0
-0.0584730990231037,66.5,75.0,100.0
0.060021698474884,68.0,75.0,100.0
-0.0683476999402046,69.0,75.0,100.0
-0.1078459993004798,70.0,75.0,100.0
-0.1078459993004798,70.5,75.0,100.0
-0.0485985986888408,71.0,75.0,100.0
-0.0782222971320152,72.0,76.0,100.0
-0.1967169940471649,73.0,77.0,100.0
0.2377640008926391,74.0,77.5,100.0
-0.0979714021086692,75.0,78.0,100.0
-0.0288494005799293,75.5,79.5,100.0
-0.186842992901802,76.0,81.0,100.0
0.1587669998407364,76.5,81.0,100.0
-0.1473439931869506,77.0,81.0,100.0
0.0205233991146087,76.5,80.5,100.0
-0.1275950074195861,76.0,80.0,100.0
-0.1572189927101135,75.0,79.5,100.0
0.1093949973583221,74.0,79.0,100.0
-0.0782222971320152,73.5,78.0,100.0
-0.137470006942749,73.0,77.0,100.0
-0.1769679933786392,73.0,76.5,100.0
-0.0288494005799293,73.0,76.0,100.0
-0.0288494005799293,73.5,76.5,100.0
-0.0387240014970302,74.0,77.0,100.0
-0.088096797466278,74.5,77.0,100.0
-0.0584730990231037,75.0,77.0,100.0
-0.1473439931869506,76.0,77.0,100.0
0.1686419993638992,77.0,77.0,100.0
-0.0782222971320152,77.0,77.0,100.0
-0.2164659947156906,77.0,77.0,100.0
0.2081400007009506,77.5,77.0,100.0
-0.0584730990231037,78.0,77.0,100.0
-0.1670929938554763,78.5,78.0,100.0
-0.1177209988236427,79.0,79.0,100.0
-0.0584730990231037,79.5,79.5,100.0
-0.0485985986888408,80.0,80.0,100.0
-0.186842992901802,80.5,81.0,100.0
-0.0485985986888408,81.0,82.0,100.0
-0.0584730990231037,81.0,82.0,100.0
-0.1275950074195861,81.0,82.0,100.0
0.0205233991146087,80.5,82.0,100.0
-0.2065919935703277,80.0,82.0,100.0
0.1093949973583221,79.5,81.5,100.0
-0.1078459993004798,79.0,81.0,100.0
-0.255964994430542,78.5,81.0,100.0
0.0995199978351593,78.0,81.0,100.0
-0.0485985986888408,78.0,80.5,100.0
-0.1670929938554763,78.0,80.0,100.0
-0.0189747996628284,78.0,80.0,100.0
-0.1275950074195861,78.0,80.0,100.0
-0.1177209988236427,78.0,79.5,100.0
-0.0782222971320152,78.0,79.0,100.0
-0.088096797466278,78.0,78.5,100.0
-0.1275950074195861,78.0,78.0,100.0
-0.088096797466278,78.0,78.0,100.0
-0.137470006942749,78.0,78.0,100.0
1.1363500356674194,78.5,78.5,100.0
0.1093949973583221,79.0,79.0,100.0
-0.1769679933786392,80.0,79.5,100.0
-0.1670929938554763,81.0,80.0,100.0
0.178516998887062,81.0,80.0,100.0
-0.2065919935703277,81.0,80.0,100.0
-0.1078459993004798,81.0,80.0,100.0
0.0303980000317096,81.0,80.0,100.0
-0.0189747996628284,81.0,80.0,100.0
-0.2164659947156906,81.0,80.0,100.0
0.0402726009488105,80.5,80.5,100.0
-0.265839010477066,80.0,81.0,100.0
-0.1670929938554763,80.0,81.0,100.0
-0.0584730990231037,80.0,81.0,100.0
0.1686419993638992,79.0,81.0,100.0
-0.1670929938554763,78.0,81.0,100.0
-0.0485985986888408,77.5,80.0,100.0
0.928983986377716,77.0,79.0,100.0
0.00077429699013,75.5,78.5,100.0
-0.2362149953842163,74.0,78.0,100.0
0.00077429699013,73.5,77.0,100.0
-0.1572189927101135,73.0,76.0,100.0
-0.1078459993004798,73.0,76.0,100.0
0.0205233991146087,73.0,76.0,100.0
-0.1670929938554763,73.0,75.5,100.0
0.060021698474884,73.0,75.0,100.0
-0.1275950074195861,73.5,74.5,100.0
0.0501471012830734,74.0,74.0,100.0
-0.3250870108604431,73.5,73.5,100.0
0.0501471012830734,73.0,73.0,100.0
-0.1177209988236427,73.0,72.5,100.0
0.1982659995555877,73.0,72.0,100.0
-0.1670929938554763,73.5,72.5,100.0
-0.1078459993004798,74.0,73.0,100.0
-0.0683476999402046,74.5,73.0,100.0
-0.088096797466278,75.0,73.0,100.0
-0.1177209988236427,75.5,73.5,100.0
-0.1275950074195861,76.0,74.0,100.0
-0.0485985986888408,76.0,74.0,100.0
-0.186842992901802,76.0,74.0,100.0
-0.0189747996628284,75.5,74.5,100.0
-0.137470006942749,75.0,75.0,100.0
0.1686419993638992,75.0,74.5,100.0
-0.0387240014970302,75.0,74.0,100.0
-0.186842992901802,75.5,75.0,100.0
-0.1769679933786392,76.0,76.0,100.0
-0.137470006942749,77.0,76.0,100.0
0.0205233991146087,78.0,76.0,100.0
-0.0979714021086692,79.0,77.0,100.0
-0.1670929938554763,80.0,78.0,100.0
0.1587669998407364,80.5,79.0,100.0
-0.0584730990231037,81.0,80.0,100.0
-0.1473439931869506,81.5,80.5,100.0
-0.0091002704575657,82.0,81.0,100.0
-0.0288494005799293,82.0,81.0,100.0
-0.1275950074195861,82.0,81.0,100.0
-0.088096797466278,81.5,81.0,100.0
-0.0387240014970302,81.0,81.0,100.0
-0.1572189927101135,81.0,81.5,100.0
-0.0782222971320152,81.0,82.0,100.0
-0.088096797466278,80.5,83.0,100.0
-0.0584730990231037,80.0,84.0,100.0
-0.255964994430542,80.0,84.0,100.0
0.0205233991146087,80.0,84.0,100.0
-0.137470006942749,80.0,84.0,100.0
-0.1078459993004798,80.0,84.0,100.0
0.1093949973583221,79.0,83.5,100.0
-0.0683476999402046,78.0,83.0,100.0
-0.1078459993004798,77.0,81.5,100.0
-0.0683476999402046,76.0,80.0,100.0
-0.088096797466278,74.5,79.5,100.0
-0.0485985986888408,73.0,79.0,100.0
-0.0683476999402046,72.5,77.5,100.0
-0.088096797466278,72.0,76.0,100.0
-0.0979714021086692,72.0,76.0,100.0
-0.1572189927101135,72.0,76.0,100.0
0.0303980000317096,72.5,75.0,100.0
-0.1275950074195861,73.0,74.0,100.0
-0.0387240014970302,73.5,74.5,100.0
-0.2460899949073791,74.0,75.0,100.0
0.0698963031172752,74.5,75.0,100.0
-0.1177209988236427,75.0,75.0,100.0
0.0205233991146087,75.5,75.5,100.0
-0.1177209988236427,76.0,76.0,100.0
-0.2757140100002289,76.0,76.0,100.0
0.2180150002241134,76.0,76.0,100.0
-0.088096797466278,77.0,76.0,100.0
-0.2362149953842163,78.0,76.0,100.0
-0.0584730990231037,78.0,76.5,100.0
0.00077429699013,78.0,77.0,100.0
0.3266350030899048,78.5,77.5,100.0
0.0402726009488105,79.0,78.0,100.0
-0.2757140100002289,79.0,78.5,100.0
-0.0288494005799293,79.0,79.0,100.0
-0.0288494005799293,79.0,79.0,100.0
-0.1177209988236427,79.0,79.0,100.0
-0.1670929938554763,78.5,79.5,100.0
-0.0091002704575657,78.0,80.0,100.0
-0.0782222971320152,78.5,80.0,100.0
0.4550049901008606,79.0,80.0,100.0
0.0106488997116684,79.5,80.5,100.0
-0.2065919935703277,80.0,81.0,100.0
-0.0387240014970302,80.0,80.5,100.0
-0.0288494005799293,80.0,80.0,100.0
-0.1572189927101135,80.0,80.5,100.0
-0.2855879962444305,80.0,81.0,100.0
-0.0091002704575657,79.5,80.0,100.0
-0.0485985986888408,79.0,79.0,100.0
0.0106488997116684,77.5,79.0,100.0
-0.2757140100002289,76.0,79.0,100.0
0.6031230092048645,75.5,78.0,100.0
0.1982659995555877,75.0,77.0,100.0
-0.1670929938554763,75.0,77.0,100.0
0.3463839888572693,75.0,77.0,100.0
0.0106488997116684,75.0,77.0,100.0
-0.0485985986888408,75.0,77.0,100.0
-0.0979714021086692,76.5,78.0,100.0
-0.1275950074195861,78.0,79.0,100.0
-0.0387240014970302,78.0,78.5,100.0
-0.0584730990231037,78.0,78.0,100.0
-0.1473439931869506,78.0,77.5,100.0
0.1390179991722107,78.0,77.0,100.0
-0.088096797466278,77.5,77.0,100.0
-0.1275950074195861,77.0,77.0,100.0
0.00077429699013,77.0,76.5,100.0
-0.1275950074195861,77.0,76.0,100.0
0.2575129866600036,77.0,76.5,100.0
0.0303980000317096,77.0,77.0,100.0
-0.0387240014970302,78.0,77.0,100.0
-0.2164659947156906,79.0,77.0,100.0
0.00077429699013,79.0,78.5,100.0
0.00077429699013,79.0,80.0,100.0
0.0995199978351593,80.0,80.5,100.0
-0.137470006942749,81.0,81.0,100.0
-0.2460899949073791,81.5,82.0,100.0
0.0501471012830734,82.0,83.0,100.0
-0.186842992901802,82.0,83.0,100.0
1.1363500356674194,82.0,83.0,100.0
0.1686419993638992,82.0,82.5,100.0
-0.0091002704575657,82.0,82.0,100.0
-0.0683476999402046,81.5,82.0,100.0
-0.1473439931869506,81.0,82.0,100.0
-0.1275950074195861,81.5,82.5,100.0
0.0303980000317096,82.0,83.0,100.0
-0.1769679933786392,82.0,83.0,100.0
-0.1769679933786392,82.0,83.0,100.0
0.0106488997116684,82.5,83.5,100.0
-0.0782222971320152,83.0,84.0,100.0
-0.0683476999402046,83.0,84.0,100.0
-0.0584730990231037,83.0,84.0,100.0
0.4253810048103332,82.5,84.0,100.0
0.1488929986953735,82.0,84.0,100.0
-0.0288494005799293,82.5,84.5,100.0
-0.1670929938554763,83.0,85.0,100.0
-0.0979714021086692,83.0,85.0,100.0
-0.1572189927101135,83.0,85.0,100.0
0.0106488997116684,83.0,85.0,100.0
-0.088096797466278,83.0,85.0,100.0
-0.1572189927101135,83.0,85.0,100.0
-0.0288494005799293,83.0,85.0,100.0
0.00077429699013,82.5,85.0,100.0
-0.255964994430542,82.0,85.0,100.0
-0.0979714021086692,82.0,85.0,100.0
-0.137470006942749,82.0,85.0,100.0
-0.0782222971320152,82.0,85.0,100.0
-0.1177209988236427,82.0,85.0,100.0
0.2673879861831665,81.5,84.5,100.0
-0.1473439931869506,81.0,84.0,100.0
-0.1769679933786392,80.0,82.5,100.0
0.0402726009488105,79.0,81.0,100.0
-0.0189747996628284,76.0,79.5,100.0
-0.0387240014970302,73.0,78.0,100.0
-0.0782222971320152,71.5,77.0,100.0
-0.0683476999402046,70.0,76.0,100.0
0.2278890013694763,69.5,74.5,100.0
0.119268998503685,69.0,73.0,100.0
-0.1275950074195861,70.5,73.0,100.0
-0.0782222971320152,72.0,73.0,100.0
-0.2757140100002289,72.5,73.5,100.0
0.1982659995555877,73.0,74.0,100.0
-0.088096797466278,74.5,74.0,100.0
-0.0189747996628284,76.0,74.0,100.0
-0.255964994430542,76.0,74.0,100.0
0.2772620022296905,76.0,74.0,100.0
-0.0782222971320152,75.5,74.0,100.0
-0.1670929938554763,75.0,74.0,100.0
0.178516998887062,75.0,74.5,100.0
-0.4139580130577087,75.0,75.0,100.0
-0.0584730990231037,75.5,75.0,100.0
0.0106488997116684,76.0,75.0,100.0
-0.3250870108604431,77.0,76.0,100.0
-0.4238319993019104,78.0,77.0,100.0
-0.0683476999402046,79.5,77.5,100.0
1.2153500318527222,81.0,78.0,100.0
0.1390179991722107,81.0,79.0,100.0
-0.1473439931869506,81.0,80.0,100.0
0.0303980000317096,81.5,80.0,100.0
-0.0782222971320152,82.0,80.0,100.0
-0.137470006942749,82.0,80.5,100.0
-0.0782222971320152,82.0,81.0,100.0
0.060021698474884,82.5,81.0,100.0
-0.1572189927101135,83.0,81.0,100.0
0.0303980000317096,82.5,81.0,100.0
-0.1177209988236427,82.0,81.0,100.0
-0.2263409942388534,81.5,80.5,100.0
0.0501471012830734,81.0,80.0,100.0
-0.1967169940471649,81.0,80.0,100.0
-0.0782222971320152,81.0,80.0,100.0
-0.265839010477066,81.5,80.5,100.0
1.2449699640274048,82.0,81.0,100.0
0.1093949973583221,82.5,81.0,100.0
-0.0189747996628284,83.0,81.0,100.0
-0.1572189927101135,82.5,81.0,100.0
-0.1177209988236427,82.0,81.0,100.0
-0.1078459993004798,82.0,80.5,100.0
0.0205233991146087,82.0,80.0,100.0
-0.0782222971320152,82.0,80.0,100.0
-0.186842992901802,82.0,80.0,100.0
-0.088096797466278,82.5,80.0,100.0
-0.0683476999402046,83.0,80.0,100.0
0.0797709003090858,83.0,81.0,100.0
-0.2263409942388534,83.0,82.0,100.0
-0.088096797466278,84.0,82.5,100.0
0.1390179991722107,85.0,83.0,100.0
-0.1275950074195861,84.0,83.0,100.0
0.4155060052871704,83.0,83.0,100.0
0.1982659995555877,82.0,82.0,100.0
-0.0979714021086692,81.0,81.0,100.0
-0.0683476999402046,80.0,80.5,100.0
-0.1078459993004798,79.0,80.0,100.0
0.00077429699013,78.5,79.5,100.0
-0.0979714021086692,78.0,79.0,100.0
-0.088096797466278,78.0,79.0,100.0
-0.265839010477066,78.0,79.0,100.0
-0.1967169940471649,78.5,79.0,100.0
-0.0288494005799293,79.0,79.0,100.0
-0.1572189927101135,79.0,79.0,100.0
-0.1967169940471649,79.0,79.0,100.0
-0.2164659947156906,79.0,79.0,100.0
0.0205233991146087,79.0,79.0,100.0
-0.0387240014970302,79.0,79.5,100.0
0.0797709003090858,79.0,80.0,100.0
-0.1177209988236427,79.0,80.0,100.0
0.060021698474884,79.0,80.0,100.0
-0.0584730990231037,78.5,79.0,100.0
-0.1670929938554763,78.0,78.0,100.0
0.0995199978351593,76.5,78.0,100.0
-0.1275950074195861,75.0,78.0,100.0
0.0402726009488105,75.0,77.5,100.0
0.0205233991146087,75.0,77.0,100.0
-0.0979714021086692,76.0,77.0,100.0
0.3266350030899048,77.0,77.0,100.0
0.1390179991722107,78.0,77.0,100.0
-0.0782222971320152,79.0,77.0,100.0
-0.1572189927101135,79.5,77.5,100.0
-0.2855879962444305,80.0,78.0,100.0
-0.0683476999402046,81.0,78.0,100.0
0.060021698474884,82.0,78.0,100.0
-0.0782222971320152,82.0,79.0,100.0
-0.265839010477066,82.0,80.0,100.0
-0.0683476999402046,83.0,80.5,100.0
-0.1275950074195861,84.0,81.0,100.0
0.0402726009488105,83.5,81.5,100.0
-0.137470006942749,83.0,82.0,100.0
-0.3448359966278076,83.0,82.0,100.0
0.178516998887062,83.0,82.0,100.0
-0.0091002704575657,82.5,82.0,100.0
-0.1177209988236427,82.0,82.0,100.0
-0.2757140100002289,82.0,82.5,100.0
-0.0683476999402046,82.0,83.0,100.0
0.0106488997116684,82.0,83.0,100.0
-0.0979714021086692,82.0,83.0,100.0
0.1390179991722107,82.0,83.5,100.0
0.247639000415802,82.0,84.0,100.0
-0.0584730990231037,82.0,84.0,100.0
-0.2164659947156906,82.0,84.0,100.0
-0.137470006942749,82.0,83.5,100.0
0.00077429699013,82.0,83.0,100.0
-0.137470006942749,81.5,83.0,100.0
-0.1078459993004798,81.0,83.0,100.0
-0.1572189927101135,81.0,82.5,100.0
-0.2362149953842163,81.0,82.0,100.0
-0.0288494005799293,81.0,82.0,100.0
0.00077429699013,81.0,82.0,100.0
0.1093949973583221,81.5,83.0,100.0
-0.2263409942388534,82.0,84.0,100.0
-0.0189747996628284,82.0,84.0,100.0
-0.0584730990231037,82.0,84.0,100.0
-0.137470006942749,82.0,83.5,100.0
-0.2164659947156906,82.0,83.0,100.0
-0.0584730990231037,82.0,83.5,100.0
0.297010987997055,82.0,84.0,100.0
0.0995199978351593,82.0,84.0,100.0
-0.0683476999402046,82.0,84.0,100.0
-0.1473439931869506,82.0,84.0,100.0
0.0896454006433487,82.0,84.0,100.0
0.0303980000317096,81.5,84.0,100.0
-0.088096797466278,81.0,84.0,100.0
-0.3349609971046448,81.0,83.5,100.0
-0.0288494005799293,81.0,83.0,100.0
-0.0189747996628284,81.5,84.0,100.0
-0.1177209988236427,82.0,85.0,100.0
0.0205233991146087,83.5,85.5,100.0
-0.0091002704575657,85.0,86.0,100.0
0.060021698474884,86.0,86.5,100.0
0.00077429699013,87.0,87.0,100.0
-0.0584730990231037,87.0,87.0,100.0
0.00077429699013,87.0,87.0,100.0
-0.0189747996628284,87.5,87.5,100.0
0.1093949973583221,88.0,88.0,100.0
-0.2065919935703277,88.5,88.0,100.0
-0.1078459993004798,89.0,88.0,100.0
0.1093949973583221,89.5,89.0,100.0
-0.137470006942749,90.0,90.0,100.0
0.0698963031172752,90.5,89.5,100.0
-0.255964994430542,91.0,89.0,100.0
0.3167609870433807,91.0,90.0,100.0
1.0869799852371216,91.0,91.0,100.0
-0.1078459993004798,91.5,90.5,100.0
-0.1769679933786392,92.0,90.0,100.0
-0.0387240014970302,92.0,90.5,100.0
-0.0782222971320152,92.0,91.0,100.0
-0.1670929938554763,92.0,90.5,100.0
-0.1670929938554763,92.0,90.0,100.0
-0.2263409942388534,92.0,90.0,100.0
0.0402726009488105,92.0,90.0,100.0
-0.1473439931869506,92.0,90.0,100.0
-0.137470006942749,92.0,90.0,100.0
-0.5028290152549744,91.0,89.5,100.0
-0.1967169940471649,90.0,89.0,100.0
-0.1177209988236427,89.5,88.5,100.0
-0.088096797466278,89.0,88.0,100.0
-0.1473439931869506,89.5,87.5,100.0
0.1291439980268478,90.0,87.0,100.0
-0.088096797466278,90.5,88.5,100.0
0.0402726009488105,91.0,90.0,100.0
-0.265839010477066,91.0,90.0,100.0
0.0303980000317096,91.0,90.0,100.0
1.235100030899048,91.5,90.5,100.0
-0.0979714021086692,92.0,91.0,100.0
-0.1275950074195861,92.0,90.5,100.0
-0.1967169940471649,92.0,90.0,100.0
-0.0782222971320152,92.0,90.5,100.0
-0.0782222971320152,92.0,91.0,100.0
-0.1275950074195861,91.5,90.0,100.0
-0.1769679933786392,91.0,89.0,100.0
-0.0584730990231037,90.5,89.5,100.0
-0.137470006942749,90.0,90.0,100.0
1.1956000328063965,89.5,89.0,100.0
0.0205233991146087,89.0,88.0,100.0
-0.0387240014970302,88.0,87.5,100.0
-0.0288494005799293,87.0,87.0,100.0
-0.1177209988236427,86.5,86.5,100.0
-0.1967169940471649,86.0,86.0,100.0
-0.1473439931869506,85.5,85.5,100.0
-0.0387240014970302,85.0,85.0,100.0
-0.0979714021086692,84.5,84.0,100.0
-0.0979714021086692,84.0,83.0,100.0
-0.3645850121974945,84.0,83.0,100.0
0.119268998503685,84.0,83.0,100.0
-0.137470006942749,83.5,83.0,100.0
-0.0387240014970302,83.0,83.0,100.0
-0.0683476999402046,83.5,82.5,100.0
-0.0288494005799293,84.0,82.0,100.0
-0.0091002704575657,84.0,82.5,100.0
0.0106488997116684,84.0,83.0,100.0
-0.1275950074195861,83.5,82.5,100.0
-0.0782222971320152,83.0,82.0,100.0
0.0303980000317096,82.0,82.5,100.0
-0.088096797466278,81.0,83.0,100.0
-0.1473439931869506,81.0,83.0,100.0
-0.2954629957675934,81.0,83.0,100.0
